[{"pdb.id": "1ao7", "status": "ok", "mhc.class": "MHCI", "species": "Human", "tcr.type": "ab", "cell.type": "unknown", "frame": "native", "reference.id": "1ao7", "rmsd": 0.000488912787342484, "n.anchor.atoms": 174, "reversed.dock": false, "n.copies": 1, "chain.map": "{\"A\": \"D\", \"B\": \"E\", \"C\": \"C\", \"D\": \"A\", \"E\": \"B\"}", "transform": "{\"rotation\": [[-0.5686878576377464, 0.36064936811214915, 0.7392740722192945], [0.31232358959487677, 0.9261220909592348, -0.21154632594272485], [-0.7609520983333716, 0.11058890503844773, -0.6393136930525076]], \"translation\": [-13.723947027572635, -302.5667898064914, 21.97387476316183]}"}, {"pdb.id": "1bd2", "status": "ok", "mhc.class": "MHCI", "species": "Human", "tcr.type": "ab", "cell.type": "unknown", "frame": "native", "reference.id": "1ao7", "rmsd": 0.44112427266319926, "n.anchor.atoms": 174, "reversed.dock": false, "n.copies": 1, "chain.map": "{\"A\": \"D\", \"B\": \"E\", \"C\": \"C\", \"D\": \"A\", \"E\": \"B\"}", "transform": "{\"rotation\": [[-0.8024448657713991, 0.16048570220871614, 0.5747404429685611], [0.03521550808299434, 0.9742133335873876, -0.2228637445862529], [-0.5956862474386817, -0.15859609089484372, -0.7874040732465748]], \"translation\": [81.0399871571847, -287.6423289476053, 42.784373736622584]}"}, {"pdb.id": "1d9k", "status": "ok", "mhc.class": "MHCII", "species": "Mouse", "tcr.type": "ab", "cell.type": "ab", "frame": "native", "reference.id": "1fyt", "rmsd": 1.3993789842816649, "n.anchor.atoms": 160, "reversed.dock": false, "n.copies": 1, "chain.map": "{\"A\": \"A\", \"B\": \"B\", \"C\": \"D\", \"D\": \"E\", \"P\": \"C\"}", "transform": "{\"rotation\": [[-0.6596702359540372, 0.33601124847967506, 0.6722585965917247], [0.1444422417329352, 0.9344975400754801, -0.32534717825123344], [-0.737544316363098, -0.11751931112802565, -0.664994430737946]], \"translation\": [43.293263777608374, -295.5924648741628, 60.45263331320954]}"}, {"pdb.id": "1fo0", "status": "ok", "mhc.class": "MHCI", "species": "Mouse", "tcr.type": "ab", "cell.type": "ab", "frame": "native", "reference.id": "1ao7", "rmsd": 0.9459790576151152, "n.anchor.atoms": 173, "reversed.dock": false, "n.copies": 1, "chain.map": "{\"A\": \"A\", \"B\": \"B\", \"H\": \"D\", \"L\": \"E\", \"P\": \"C\"}", "transform": "{\"rotation\": [[-0.479984519962816, 0.5999659445071711, 0.6400435344784634], [0.1162515733885518, 0.7666447033959629, -0.6314597932090391], [-0.8695403569017093, -0.22868485779896747, -0.43772457497005407]], \"translation\": [43.05645426243664, -261.2635045931843, 144.70167633765914]}"}, {"pdb.id": "1fyt", "status": "ok", "mhc.class": "MHCII", "species": "Human", "tcr.type": "ab", "cell.type": "ab", "frame": "native", "reference.id": "1fyt", "rmsd": 0.0007344006927711306, "n.anchor.atoms": 163, "reversed.dock": false, "n.copies": 1, "chain.map": "{\"A\": \"D\", \"B\": \"E\", \"C\": \"C\", \"D\": \"A\", \"E\": \"B\"}", "transform": "{\"rotation\": [[-0.5411167412139197, 0.5374769484054444, 0.6467698217378408], [0.34819915915268684, 0.8432705741638471, -0.4094533969998751], [-0.7654737212624539, 0.003642620230907717, -0.6434568465518601]], \"translation\": [-27.599191912234083, -291.8499742190685, 87.22943599841726]}"}, {"pdb.id": "1g6r", "status": "ok", "mhc.class": "MHCI", "species": "Mouse", "tcr.type": "ab", "cell.type": "ab", "frame": "native", "reference.id": "1ao7", "rmsd": 1.0273164407255537, "n.anchor.atoms": 173, "reversed.dock": false, "n.copies": 1, "chain.map": "{\"A\": \"A\", \"B\": \"B\", \"H\": \"D\", \"L\": \"E\", \"P\": \"C\"}", "transform": "{\"rotation\": [[-0.38506266767915853, 0.6490478380296836, 0.6560972838754968], [0.4215286418936281, 0.7561178252202152, -0.500599079551257], [-0.8209996017192235, 0.08380178001239794, -0.5647450005477073]], \"translation\": [-56.657404448620746, -275.8722727033865, 107.0773125645269]}"}, {"pdb.id": "1j8h", "status": "ok", "mhc.class": "MHCII", "species": "Human", "tcr.type": "ab", "cell.type": "ab", "frame": "native", "reference.id": "1fyt", "rmsd": 0.3047045099656588, "n.anchor.atoms": 163, "reversed.dock": false, "n.copies": 1, "chain.map": "{\"A\": \"D\", \"B\": \"E\", \"C\": \"C\", \"D\": \"A\", \"E\": \"B\"}", "transform": "{\"rotation\": [[-0.5397160138067096, 0.526309405871056, 0.6570426422480146], [0.3363816628581573, 0.8502893223308116, -0.40479061899084534], [-0.7717214532027586, 0.0025451172600147935, -0.6359555967555877]], \"translation\": [-23.91002658677123, -293.30792339531365, 84.53805252078766]}"}, {"pdb.id": "1jtr", "status": "ok", "mhc.class": "MHCI", "species": "Mouse", "tcr.type": "ab", "cell.type": "ab", "frame": "native", "reference.id": "1ao7", "rmsd": 0.9336516364581567, "n.anchor.atoms": 173, "reversed.dock": false, "n.copies": 1, "chain.map": "{\"A\": \"A\", \"B\": \"B\", \"H\": \"D\", \"L\": \"E\", \"P\": \"C\"}", "transform": "{\"rotation\": [[-0.4018597569871758, 0.6249551137789168, 0.6692830802252444], [0.46994202768076365, 0.7680578725166142, -0.4350190743916239], [-0.7859155338415835, 0.13970758829367444, -0.6023442233803393]], \"translation\": [-69.04739536511649, -278.1096686877401, 87.4044453511669]}"}, {"pdb.id": "1kj2", "status": "ok", "mhc.class": "MHCI", "species": "Mouse", "tcr.type": "ab", "cell.type": "ab", "frame": "native", "reference.id": "1ao7", "rmsd": 1.087519635421288, "n.anchor.atoms": 173, "reversed.dock": false, "n.copies": 1, "chain.map": "{\"A\": \"A\", \"B\": \"B\", \"H\": \"D\", \"L\": \"E\", \"P\": \"C\"}", "transform": "{\"rotation\": [[-0.4018771248155153, 0.5488146460999126, 0.7330056348871014], [0.3330539715938191, 0.8332717918195182, -0.44128581776834136], [-0.8529770387036208, 0.0667877622331935, -0.5176577694387327]], \"translation\": [-31.87499594152571, -292.76088438436574, 84.2373637723049]}"}, {"pdb.id": "1lp9", "status": "ok", "mhc.class": "MHCI", "species": "Mouse", "tcr.type": "ab", "cell.type": "unknown", "frame": "native", "reference.id": "1ao7", "rmsd": 0.599383189964448, "n.anchor.atoms": 174, "reversed.dock": false, "n.copies": 1, "chain.map": "{\"A\": \"D\", \"B\": \"E\", \"C\": \"C\", \"E\": \"A\", \"F\": \"B\"}", "transform": "{\"rotation\": [[-0.752947054941597, 0.04607411226607297, 0.6564662280983452], [-0.2819568160332258, 0.8787605048178151, -0.38507184922393906], [-0.5946184376111967, -0.4750338423220308, -0.6486692241054659]], \"translation\": [172.88772926042765, -239.2621498695546, 78.80457915732693]}"}, {"pdb.id": "1mi5", "status": "ok", "mhc.class": "MHCI", "species": "Human", "tcr.type": "ab", "cell.type": "unknown", "frame": "native", "reference.id": "1ao7", "rmsd": 1.3006321013306779, "n.anchor.atoms": 174, "reversed.dock": false, "n.copies": 1, "chain.map": "{\"A\": \"D\", \"B\": \"E\", \"C\": \"C\", \"D\": \"A\", \"E\": \"B\"}", "transform": "{\"rotation\": [[-0.5490362270040553, 0.4684794537809817, 0.6921605469991954], [0.10331401920204582, 0.8598321626880842, -0.5000148652224765], [-0.8293885909954821, -0.2030163870041164, -0.5204795017426945]], \"translation\": [52.84819154313224, -273.3381827635112, 100.80735239225906]}"}, {"pdb.id": "1mwa", "status": "ok", "mhc.class": "MHCI", "species": "Mouse", "tcr.type": "ab", "cell.type": "ab", "frame": "native", "reference.id": "1ao7", "rmsd": 0.9336827455487555, "n.anchor.atoms": 173, "reversed.dock": false, "n.copies": 1, "chain.map": "{\"A\": \"A\", \"B\": \"B\", \"H\": \"D\", \"L\": \"E\", \"P\": \"C\"}", "transform": "{\"rotation\": [[-0.3645994834673178, 0.6591213984771752, 0.6577432620140312], [0.42299893219154727, 0.7465147475931804, -0.5136026041510119], [-0.8295415119330534, 0.09096545330719227, -0.550986539113653]], \"translation\": [-58.60772558736605, -274.4467436055671, 110.22188256090918]}"}, {"pdb.id": "1nam", "status": "ok", "mhc.class": "MHCI", "species": "Mouse", "tcr.type": "ab", "cell.type": "ab", "frame": "native", "reference.id": "1ao7", "rmsd": 0.9054461830595155, "n.anchor.atoms": 173, "reversed.dock": false, "n.copies": 1, "chain.map": "{\"A\": \"A\", \"B\": \"B\", \"H\": \"D\", \"L\": \"E\", \"P\": \"C\"}", "transform": "{\"rotation\": [[-0.5407168104311114, 0.6048614785248643, 0.5846092051224654], [0.1633556992367903, 0.7572385645104152, -0.632380164098357], [-0.8251910363328391, -0.24643933982812177, -0.5082591911033335]], \"translation\": [33.45225107006665, -257.1587267947944, 152.0329319093804]}"}, {"pdb.id": "1oga", "status": "ok", "mhc.class": "MHCI", "species": "Human", "tcr.type": "ab", "cell.type": "unknown", "frame": "native", "reference.id": "1ao7", "rmsd": 0.5063834013796061, "n.anchor.atoms": 174, "reversed.dock": false, "n.copies": 1, "chain.map": "{\"A\": \"D\", \"B\": \"E\", \"C\": \"C\", \"D\": \"A\", \"E\": \"B\"}", "transform": "{\"rotation\": [[-0.7703415180025087, 0.22157597739207308, 0.5978946662116478], [-0.09720388218984534, 0.8859124186175007, -0.45355329546428375], [-0.6301788245639586, -0.407508616819371, -0.660917072172561]], \"translation\": [124.49539230327308, -259.6350089263635, 103.36792716370248]}"}, {"pdb.id": "1qrn", "status": "ok", "mhc.class": "MHCI", "species": "Human", "tcr.type": "ab", "cell.type": "unknown", "frame": "native", "reference.id": "1ao7", "rmsd": 0.2274438202721226, "n.anchor.atoms": 174, "reversed.dock": false, "n.copies": 1, "chain.map": "{\"A\": \"D\", \"B\": \"E\", \"C\": \"C\", \"D\": \"A\", \"E\": \"B\"}", "transform": "{\"rotation\": [[-0.5710401396970767, 0.3712769030091959, 0.7321657053882292], [0.35336802157086616, 0.9161945743377928, -0.1889935006424323], [-0.7409751684002877, 0.15080107176638236, -0.6543812623908751]], \"translation\": [-25.624646583640967, -301.3463619013182, 15.992143913361971]}"}, {"pdb.id": "1qse", "status": "ok", "mhc.class": "MHCI", "species": "Human", "tcr.type": "ab", "cell.type": "unknown", "frame": "native", "reference.id": "1ao7", "rmsd": 0.38694301142763343, "n.anchor.atoms": 174, "reversed.dock": false, "n.copies": 1, "chain.map": "{\"A\": \"D\", \"B\": \"E\", \"C\": \"C\", \"D\": \"A\", \"E\": \"B\"}", "transform": "{\"rotation\": [[-0.5810183876335054, 0.33552835887199844, 0.741510858736691], [0.3065370883399196, 0.9341944427344225, -0.1825260437203566], [-0.7539579873599365, 0.12124959198605467, -0.6456360350378288]], \"translation\": [-11.459923727117758, -302.2227753382125, 13.116945700487989]}"}, {"pdb.id": "1qsf", "status": "ok", "mhc.class": "MHCI", "species": "Human", "tcr.type": "ab", "cell.type": "unknown", "frame": "native", "reference.id": "1ao7", "rmsd": 0.26873553635954, "n.anchor.atoms": 174, "reversed.dock": false, "n.copies": 1, "chain.map": "{\"A\": \"D\", \"B\": \"E\", \"C\": \"C\", \"D\": \"A\", \"E\": \"B\"}", "transform": "{\"rotation\": [[-0.5865144670797944, 0.3355215255264103, 0.7371743930811333], [0.32852012452383483, 0.9304785268951438, -0.16212414616548754], [-0.7403210841850651, 0.14708846622177882, -0.6559646906774597]], \"translation\": [-17.91510183058295, -302.1962620337644, 8.09221995095264]}"}, {"pdb.id": "1u3h", "status": "ok", "mhc.class": "MHCII", "species": "Mouse", "tcr.type": "ab", "cell.type": "ab", "frame": "native", "reference.id": "1fyt", "rmsd": 1.5198644244066126, "n.anchor.atoms": 159, "reversed.dock": false, "n.copies": 1, "chain.map": "{\"A\": \"A\", \"B\": \"B\", \"C\": \"D\", \"D\": \"E\", \"P\": \"C\"}", "transform": "{\"rotation\": [[-0.5490615112493268, 0.47373862763241004, 0.688551501017582], [0.2833386346827998, 0.88056202497273, -0.3799075391092042], [-0.7862891802388555, -0.013499365351198432, -0.6177111721301656]], \"translation\": [-5.8395588873203295, -296.1701704923811, 73.37099422414789]}"}, {"pdb.id": "1ymm", "status": "ok", "mhc.class": "MHCII", "species": "Human", "tcr.type": "ab", "cell.type": "ab", "frame": "native", "reference.id": "1fyt", "rmsd": 1.1549146599185554, "n.anchor.atoms": 163, "reversed.dock": false, "n.copies": 1, "chain.map": "{\"A\": \"D\", \"B\": \"E\", \"C\": \"C\", \"D\": \"A\", \"E\": \"B\"}", "transform": "{\"rotation\": [[-0.5963921984996855, -0.1467617870432148, 0.7891624189180533], [-0.4004042203647707, 0.9064855941400698, -0.13401614802181014], [-0.6956959148096172, -0.3959101482412468, -0.5993849753178696]], \"translation\": [185.60381461254445, -246.73206907627957, -6.988771666077626]}"}, {"pdb.id": "1zgl", "status": "ok", "mhc.class": "MHCII", "species": "Human", "tcr.type": "ab", "cell.type": "ab", "frame": "native", "reference.id": "1fyt", "rmsd": 0.7444506560331429, "n.anchor.atoms": 161, "reversed.dock": false, "n.copies": 1, "chain.map": "{\"A\": \"D\", \"B\": \"E\", \"C\": \"C\", \"M\": \"A\", \"P\": \"B\"}", "transform": "{\"rotation\": [[-0.5503911155242968, 0.48782400943343457, 0.6775672333962206], [0.40455828374555797, 0.8657364370495069, -0.294674424777029], [-0.7303439018741571, 0.11192925169549114, -0.6738468873639757]], \"translation\": [-44.356782921823985, -302.68360836735013, 51.985283303869785]}"}, {"pdb.id": "2ak4", "status": "ok", "mhc.class": "MHCI", "species": "Human", "tcr.type": "ab", "cell.type": "unknown", "frame": "native", "reference.id": "1ao7", "rmsd": 1.0764536997352192, "n.anchor.atoms": 174, "reversed.dock": false, "n.copies": 1, "chain.map": "{\"A\": \"D\", \"B\": \"E\", \"C\": \"C\", \"D\": \"A\", \"E\": \"B\"}", "transform": "{\"rotation\": [[-0.5567185280437305, 0.04689384217780847, 0.8293765418063284], [-0.29847081774152545, 0.920442216538431, -0.2523911586615596], [-0.7752287736465452, -0.3880555289898878, -0.49843079251873185]], \"translation\": [165.2448698404403, -259.9797534035466, 21.511423597777025]}"}, {"pdb.id": "2bnq", "status": "ok", "mhc.class": "MHCI", "species": "Human", "tcr.type": "ab", "cell.type": "unknown", "frame": "native", "reference.id": "1ao7", "rmsd": 0.5425808602811795, "n.anchor.atoms": 174, "reversed.dock": false, "n.copies": 1, "chain.map": "{\"A\": \"D\", \"B\": \"E\", \"C\": \"C\", \"D\": \"A\", \"E\": \"B\"}", "transform": "{\"rotation\": [[-0.6732183738171448, 0.3660631403806498, 0.6424755235879852], [-0.23437945448650474, 0.7184233985457532, -0.6549306007025308], [-0.7013154015630964, -0.591494376707527, -0.39785815293112575]], \"translation\": [152.6019855688686, -215.50966190181595, 149.12328472889453]}"}, {"pdb.id": "2bnr", "status": "ok", "mhc.class": "MHCI", "species": "Human", "tcr.type": "ab", "cell.type": "unknown", "frame": "native", "reference.id": "1ao7", "rmsd": 0.5277713556062005, "n.anchor.atoms": 174, "reversed.dock": false, "n.copies": 1, "chain.map": "{\"A\": \"D\", \"B\": \"E\", \"C\": \"C\", \"D\": \"A\", \"E\": \"B\"}", "transform": "{\"rotation\": [[-0.6852053156694198, 0.3559649059430362, 0.6354389515251144], [-0.23366184854464367, 0.7188900197037921, -0.65467494232251], [-0.6898520246495415, -0.5970645905655826, -0.4094118449430618]], \"translation\": [152.88602308793986, -214.60298276771647, 150.16903303775047]}"}, {"pdb.id": "2ckb", "status": "ok", "mhc.class": "MHCI", "species": "Mouse", "tcr.type": "ab", "cell.type": "ab", "frame": "native", "reference.id": "1ao7", "rmsd": 0.9394551244885299, "n.anchor.atoms": 173, "reversed.dock": false, "n.copies": 1, "chain.map": "{\"A\": \"A\", \"B\": \"B\", \"H\": \"D\", \"L\": \"E\", \"P\": \"C\"}", "transform": "{\"rotation\": [[-0.4118834046736752, 0.63459795700509, 0.6539399773063191], [0.42635157119268385, 0.7684517906047267, -0.4771856905418679], [-0.8053424108389865, 0.08226346990831368, -0.5870743758866445]], \"translation\": [-55.99372601415103, -278.38578532298754, 101.22046181755304]}"}, {"pdb.id": "2e7l", "status": "ok", "mhc.class": "MHCI", "species": "Mouse", "tcr.type": "ab", "cell.type": "unknown", "frame": "native", "reference.id": "1ao7", "rmsd": 1.0777532969259287, "n.anchor.atoms": 169, "reversed.dock": false, "n.copies": 1, "chain.map": "{\"A\": \"A\", \"D\": \"B\", \"E\": \"D\", \"Q\": \"C\"}", "transform": "{\"rotation\": [[-0.4995371606331479, 0.5053038991872001, 0.7036551674028871], [0.12410370528014121, 0.8456245882941925, -0.5191505812459593], [-0.8573569242050316, -0.17200879378243833, -0.48513099197969023]], \"translation\": [42.23181925208364, -279.885619816425, 106.00570187160936]}"}, {"pdb.id": "2esv", "status": "ok", "mhc.class": "MHCI", "species": "Human", "tcr.type": "ab", "cell.type": "unknown", "frame": "native", "reference.id": "1ao7", "rmsd": 0.952410476761128, "n.anchor.atoms": 172, "reversed.dock": false, "n.copies": 1, "chain.map": "{\"A\": \"D\", \"B\": \"E\", \"D\": \"A\", \"E\": \"B\", \"P\": \"C\"}", "transform": "{\"rotation\": [[-0.6148548360272271, 0.48903796354038054, 0.6187046151680221], [0.22389746208131034, 0.8604846027304736, -0.4576419724384201], [-0.7561900932222538, -0.1428569868086878, -0.6385674782139018]], \"translation\": [20.738384108342245, -282.33764532052044, 100.91235504866798]}"}, {"pdb.id": "2f53", "status": "ok", "mhc.class": "MHCI", "species": "Human", "tcr.type": "ab", "cell.type": "unknown", "frame": "native", "reference.id": "1ao7", "rmsd": 0.5629544514636777, "n.anchor.atoms": 174, "reversed.dock": false, "n.copies": 1, "chain.map": "{\"A\": \"D\", \"B\": \"E\", \"C\": \"C\", \"D\": \"A\", \"E\": \"B\"}", "transform": "{\"rotation\": [[-0.7061813745471075, 0.3783371672054427, 0.5984720997287327], [-0.1693330024897678, 0.7304862112043682, -0.6616012617189356], [-0.6874839638206537, -0.568551565956201, -0.4517907882396383]], \"translation\": [136.01234503940412, -220.8650371038343, 157.22805701653698]}"}, {"pdb.id": "2f54", "status": "ok", "mhc.class": "MHCI", "species": "Human", "tcr.type": "ab", "cell.type": "unknown", "frame": "native", "reference.id": "1ao7", "rmsd": 0.5148165652681669, "n.anchor.atoms": 174, "reversed.dock": false, "n.copies": 1, "chain.map": "{\"A\": \"D\", \"B\": \"E\", \"C\": \"C\", \"D\": \"A\", \"E\": \"B\"}", "transform": "{\"rotation\": [[-0.6740017556345462, 0.38073877533081085, 0.6330557782384937], [-0.19462819742443033, 0.7351537674913586, -0.649360302844714], [-0.7126299868577429, -0.5608804891443953, -0.42139242841830604]], \"translation\": [141.66163698513947, -222.39982116298592, 149.12254708556134]}"}, {"pdb.id": "2gj6", "status": "ok", "mhc.class": "MHCI", "species": "Human", "tcr.type": "ab", "cell.type": "unknown", "frame": "native", "reference.id": "1ao7", "rmsd": 0.3672071172150002, "n.anchor.atoms": 174, "reversed.dock": false, "n.copies": 1, "chain.map": "{\"A\": \"D\", \"B\": \"E\", \"C\": \"C\", \"D\": \"A\", \"E\": \"B\"}", "transform": "{\"rotation\": [[-0.555453305098125, 0.3420162318444648, 0.7579554888055645], [0.30375999702073836, 0.9319623266554022, -0.1979294973090431], [-0.7740810616889748, 0.12029596356471214, -0.6215524041338001]], \"translation\": [-11.306345417273235, -301.6198912564008, 15.023217940983926]}"}, {"pdb.id": "2iam", "status": "ok", "mhc.class": "MHCII", "species": "Human", "tcr.type": "ab", "cell.type": "ab", "frame": "native", "reference.id": "1fyt", "rmsd": 0.5869452374513965, "n.anchor.atoms": 162, "reversed.dock": false, "n.copies": 1, "chain.map": "{\"A\": \"D\", \"B\": \"E\", \"C\": \"A\", \"D\": \"B\", \"P\": \"C\"}", "transform": "{\"rotation\": [[-0.5169756214506342, 0.3175827607382463, 0.7949071624457817], [0.3358888738041671, 0.9294131200852036, -0.1528722233371894], [-0.787346728754428, 0.18796925891049632, -0.5871564411844082]], \"translation\": [-23.804493988755304, -306.94384769648343, -3.7968409893544353]}"}, {"pdb.id": "2ian", "status": "ok", "mhc.class": "MHCII", "species": "Human", "tcr.type": "ab", "cell.type": "ab", "frame": "native", "reference.id": "1fyt", "rmsd": 0.5127822621403344, "n.anchor.atoms": 161, "reversed.dock": false, "n.copies": 1, "chain.map": "{\"A\": \"D\", \"B\": \"E\", \"C\": \"C\", \"D\": \"A\", \"E\": \"B\"}", "transform": "{\"rotation\": [[-0.5153878680353112, 0.3134006818109122, 0.7975934792376828], [0.35188538977004163, 0.9260384049737888, -0.1364900911421289], [-0.7813782809551351, 0.2103161552379083, -0.5875500803314909]], \"translation\": [-28.57631370924171, -306.14604454414774, -8.543530429312906]}"}, {"pdb.id": "2j8u", "status": "ok", "mhc.class": "MHCI", "species": "Mouse", "tcr.type": "ab", "cell.type": "unknown", "frame": "native", "reference.id": "1ao7", "rmsd": 0.5660972532155683, "n.anchor.atoms": 174, "reversed.dock": false, "n.copies": 1, "chain.map": "{\"A\": \"D\", \"B\": \"E\", \"C\": \"C\", \"E\": \"A\", \"F\": \"B\"}", "transform": "{\"rotation\": [[-0.75117210710339, 0.03820489412495381, 0.6589998873859962], [-0.28599710933621336, 0.8809224850877327, -0.3770692624945508], [-0.5949337097199862, -0.47171597527723796, -0.6507979100358732]], \"translation\": [174.5522475968521, -238.76077567876882, 76.53680683619397]}"}, {"pdb.id": "2jcc", "status": "ok", "mhc.class": "MHCI", "species": "Mouse", "tcr.type": "ab", "cell.type": "unknown", "frame": "native", "reference.id": "1ao7", "rmsd": 0.5884010681171735, "n.anchor.atoms": 174, "reversed.dock": false, "n.copies": 1, "chain.map": "{\"A\": \"D\", \"B\": \"E\", \"C\": \"C\", \"E\": \"A\", \"F\": \"B\"}", "transform": "{\"rotation\": [[-0.7444505369256713, 0.039854579419058574, 0.6664870670691294], [-0.29041036051922825, 0.8795178625289681, -0.37697500181785004], [-0.6012114607807907, -0.47419399193980305, -0.6431833622179771]], \"translation\": [174.85487266043367, -238.37208655652387, 75.27477061805457]}"}, {"pdb.id": "2nx5", "status": "ok", "mhc.class": "MHCI", "species": "Human", "tcr.type": "ab", "cell.type": "unknown", "frame": "native", "reference.id": "1ao7", "rmsd": 0.7363125030904196, "n.anchor.atoms": 174, "reversed.dock": false, "n.copies": 1, "chain.map": "{\"A\": \"D\", \"B\": \"E\", \"C\": \"C\", \"D\": \"A\", \"E\": \"B\"}", "transform": "{\"rotation\": [[-0.7117085160319, 0.08467533871011669, 0.6973529057959097], [-0.1117064495828, 0.9664351082011533, -0.23135438348523094], [-0.6935363417509405, -0.24255570216045846, -0.6783613152444429]], \"translation\": [119.3196790485815, -278.5109095798392, 31.618442652890536]}"}, {"pdb.id": "2oi9", "status": "ok", "mhc.class": "MHCI", "species": "Mouse", "tcr.type": "ab", "cell.type": "unknown", "frame": "native", "reference.id": "1ao7", "rmsd": 1.180085311403352, "n.anchor.atoms": 169, "reversed.dock": false, "n.copies": 1, "chain.map": "{\"A\": \"D\", \"B\": \"A\", \"C\": \"B\", \"Q\": \"C\"}", "transform": "{\"rotation\": [[-0.4927644308948794, 0.46391844470714727, 0.7361812903798541], [0.04446104530800912, 0.8583453486402693, -0.5111423264783819], [-0.8690261394773829, -0.21914136790691738, -0.4435883562233355]], \"translation\": [65.6572373579701, -278.54726577304706, 99.41262586224546]}"}, {"pdb.id": "2ol3", "status": "ok", "mhc.class": "MHCI", "species": "Mouse", "tcr.type": "ab", "cell.type": "ab", "frame": "native", "reference.id": "1ao7", "rmsd": 1.0410674868023353, "n.anchor.atoms": 173, "reversed.dock": false, "n.copies": 1, "chain.map": "{\"A\": \"A\", \"B\": \"B\", \"H\": \"D\", \"L\": \"E\", \"P\": \"C\"}", "transform": "{\"rotation\": [[-0.43904213687681404, 0.5963739717476514, 0.671997089181623], [0.10827833448498209, 0.7776072161753061, -0.6193567789515584], [-0.8919180479886024, -0.19916099812469062, -0.4059767142314673]], \"translation\": [43.535588907157994, -265.118834467786, 137.19504731183468]}"}, {"pdb.id": "2p5e", "status": "ok", "mhc.class": "MHCI", "species": "Human", "tcr.type": "ab", "cell.type": "unknown", "frame": "native", "reference.id": "1ao7", "rmsd": 0.6070481018761332, "n.anchor.atoms": 174, "reversed.dock": false, "n.copies": 1, "chain.map": "{\"A\": \"D\", \"B\": \"E\", \"C\": \"C\", \"D\": \"A\", \"E\": \"B\"}", "transform": "{\"rotation\": [[-0.6839308790587231, 0.4042101564489357, 0.607332447752868], [-0.18634121064566975, 0.7080776727869659, -0.6811042229466066], [-0.7053477907281402, -0.5789992735091481, -0.40895517528307446]], \"translation\": [139.0953107285958, -216.13632390820578, 160.2809582538835]}"}, {"pdb.id": "2p5w", "status": "ok", "mhc.class": "MHCI", "species": "Human", "tcr.type": "ab", "cell.type": "unknown", "frame": "native", "reference.id": "1ao7", "rmsd": 0.562604100315023, "n.anchor.atoms": 174, "reversed.dock": false, "n.copies": 1, "chain.map": "{\"A\": \"D\", \"B\": \"E\", \"C\": \"C\", \"D\": \"A\", \"E\": \"B\"}", "transform": "{\"rotation\": [[-0.6869897676918182, 0.4093417543433046, 0.6004035203410178], [-0.17416801420117034, 0.7094051648869756, -0.6829420289167331], [-0.7054860465777917, -0.5737452746496725, -0.4160598489414831]], \"translation\": [135.7157293470002, -217.0766265492527, 161.93115058380346]}"}, {"pdb.id": "2pxy", "status": "ok", "mhc.class": "MHCII", "species": "Mouse", "tcr.type": "ab", "cell.type": "ab", "frame": "native", "reference.id": "1fyt", "rmsd": 1.422959290287562, "n.anchor.atoms": 156, "reversed.dock": false, "n.copies": 1, "chain.map": "{\"A\": \"A\", \"B\": \"B\", \"C\": \"D\", \"D\": \"E\", \"P\": \"C\"}", "transform": "{\"rotation\": [[-0.5407822746997035, 0.4004085330622396, 0.7397482936929018], [0.18131155003976707, 0.9142497322562357, -0.3623169177551317], [-0.8213894649877072, -0.061809657177072735, -0.5670087416317854]], \"translation\": [24.379185155920254, -298.064741226719, 61.892308088861306]}"}, {"pdb.id": "2pye", "status": "ok", "mhc.class": "MHCI", "species": "Human", "tcr.type": "ab", "cell.type": "unknown", "frame": "native", "reference.id": "1ao7", "rmsd": 0.5685601400634968, "n.anchor.atoms": 174, "reversed.dock": false, "n.copies": 1, "chain.map": "{\"A\": \"D\", \"B\": \"E\", \"C\": \"C\", \"D\": \"A\", \"E\": \"B\"}", "transform": "{\"rotation\": [[-0.6938949835838356, 0.39745326709521883, 0.6004503744961157], [-0.16502774479721452, 0.7238993304817962, -0.6698773042693367], [-0.7009105472200677, -0.563915472214892, -0.43671929771000645]], \"translation\": [133.69035799101698, -220.0868566337873, 158.97203583869145]}"}, {"pdb.id": "2uwe", "status": "ok", "mhc.class": "MHCI", "species": "Mouse", "tcr.type": "ab", "cell.type": "unknown", "frame": "native", "reference.id": "1ao7", "rmsd": 0.585727575187842, "n.anchor.atoms": 174, "reversed.dock": false, "n.copies": 1, "chain.map": "{\"A\": \"D\", \"B\": \"E\", \"C\": \"C\", \"E\": \"A\", \"F\": \"B\"}", "transform": "{\"rotation\": [[-0.7463103143141501, 0.03710564024191669, 0.6645630791810141], [-0.28969749950754886, 0.8808041280598152, -0.37451227853284325], [-0.5992464213721992, -0.4720246386101318, -0.6466037944658121]], \"translation\": [174.75733124994917, -238.9103674894701, 75.09593933133759]}"}, {"pdb.id": "2vlj", "status": "ok", "mhc.class": "MHCI", "species": "Human", "tcr.type": "ab", "cell.type": "unknown", "frame": "native", "reference.id": "1ao7", "rmsd": 0.5394522797401573, "n.anchor.atoms": 174, "reversed.dock": false, "n.copies": 1, "chain.map": "{\"A\": \"D\", \"B\": \"E\", \"C\": \"C\", \"D\": \"A\", \"E\": \"B\"}", "transform": "{\"rotation\": [[-0.7362496494187342, 0.21165229811173478, 0.642759487238279], [-0.07523826402816305, 0.9183386209745854, -0.3885786675211688], [-0.6725144291067829, -0.3344510157414991, -0.6602021362527225]], \"translation\": [117.8738031344425, -270.5067602588471, 81.31358532656519]}"}, {"pdb.id": "2vlk", "status": "ok", "mhc.class": "MHCI", "species": "Human", "tcr.type": "ab", "cell.type": "unknown", "frame": "native", "reference.id": "1ao7", "rmsd": 0.5363172381068162, "n.anchor.atoms": 174, "reversed.dock": false, "n.copies": 1, "chain.map": "{\"A\": \"D\", \"B\": \"E\", \"C\": \"C\", \"D\": \"A\", \"E\": \"B\"}", "transform": "{\"rotation\": [[-0.7271915556998982, 0.20225642182306458, 0.6559609600807751], [-0.1285734854056859, 0.8985599591635501, -0.4195936827916177], [-0.6742857704040588, -0.3894641698787313, -0.6274204014943051]], \"translation\": [132.03727723273778, -262.1444024749138, 87.50160065655673]}"}, {"pdb.id": "2vlr", "status": "ok", "mhc.class": "MHCI", "species": "Human", "tcr.type": "ab", "cell.type": "unknown", "frame": "native", "reference.id": "1ao7", "rmsd": 0.7640648322112644, "n.anchor.atoms": 174, "reversed.dock": false, "n.copies": 1, "chain.map": "{\"A\": \"D\", \"B\": \"E\", \"C\": \"C\", \"D\": \"A\", \"E\": \"B\"}", "transform": "{\"rotation\": [[-0.7419395853962314, 0.23138972585069026, 0.6292729506285887], [-0.08796027900062603, 0.896854779542739, -0.43349105380558517], [-0.6646718295070132, -0.3769751970383297, -0.6450589584508633]], \"translation\": [121.39792424394021, -264.3773552224394, 95.02410949252466]}"}, {"pdb.id": "2wbj", "status": "ok", "mhc.class": "MHCII", "species": "Human", "tcr.type": "ab", "cell.type": "ab", "frame": "native", "reference.id": "1fyt", "rmsd": 0.49656508712966685, "n.anchor.atoms": 153, "reversed.dock": true, "n.copies": 2, "chain.map": "{\"C\": \"A\", \"E\": \"D\", \"F\": \"E\", \"H\": \"B\", \"p1\": \"C\"}", "transform": "{\"rotation\": [[-0.3594523540881595, 0.8627287487783313, -0.35565870040230246], [-0.47853800936953167, 0.1567838137357389, 0.8639561385505186], [0.8011213258484173, 0.4807472743363723, 0.35649218713601877]], \"translation\": [-0.18600826347164912, -26.66487115180992, -12.100790894090917]}"}, {"pdb.id": "2ypl", "status": "ok", "mhc.class": "MHCI", "species": "Human", "tcr.type": "ab", "cell.type": "unknown", "frame": "native", "reference.id": "1ao7", "rmsd": 0.8421826580928575, "n.anchor.atoms": 174, "reversed.dock": false, "n.copies": 1, "chain.map": "{\"A\": \"D\", \"B\": \"E\", \"C\": \"C\", \"D\": \"A\", \"E\": \"B\"}", "transform": "{\"rotation\": [[-0.44172606261948255, 0.5048916128198101, 0.7415945960610152], [0.29030201167197256, 0.8625797133041387, -0.4143440360562165], [-0.8488832826849014, 0.0322598434645995, -0.5275949913311772]], \"translation\": [-12.993149541059012, -291.22852372136606, 75.14475373872445]}"}, {"pdb.id": "2z31", "status": "ok", "mhc.class": "MHCII", "species": "Mouse", "tcr.type": "ab", "cell.type": "ab", "frame": "native", "reference.id": "1fyt", "rmsd": 1.5698210278521685, "n.anchor.atoms": 158, "reversed.dock": false, "n.copies": 1, "chain.map": "{\"A\": \"A\", \"B\": \"B\", \"C\": \"D\", \"D\": \"E\", \"P\": \"C\"}", "transform": "{\"rotation\": [[-0.5280583162143515, 0.41797124110290135, 0.7392255787564196], [0.20363095862177513, 0.9074139634554566, -0.36760621814223365], [-0.8244324395410702, -0.0435883073422076, -0.5642793741537966]], \"translation\": [16.86169890663089, -298.47527754746795, 63.594197144967524]}"}, {"pdb.id": "3c5z", "status": "ok", "mhc.class": "MHCII", "species": "Mouse", "tcr.type": "ab", "cell.type": "ab", "frame": "native", "reference.id": "1fyt", "rmsd": 1.37868052951714, "n.anchor.atoms": 161, "reversed.dock": false, "n.copies": 1, "chain.map": "{\"A\": \"A\", \"B\": \"B\", \"C\": \"D\", \"D\": \"E\", \"E\": \"C\"}", "transform": "{\"rotation\": [[-0.4544916614206412, 0.353722218968599, 0.8175071385052459], [0.19989250908350903, 0.9348667707155123, -0.29337195814230255], [-0.8680324386285367, 0.030078444439171157, -0.49559557369766244]], \"translation\": [13.46239341978751, -304.7726197946151, 32.68714160104488]}"}, {"pdb.id": "3c60", "status": "ok", "mhc.class": "MHCII", "species": "Mouse", "tcr.type": "ab", "cell.type": "ab", "frame": "native", "reference.id": "1fyt", "rmsd": 1.392732277211177, "n.anchor.atoms": 161, "reversed.dock": false, "n.copies": 1, "chain.map": "{\"A\": \"A\", \"B\": \"B\", \"C\": \"D\", \"D\": \"E\", \"E\": \"C\"}", "transform": "{\"rotation\": [[-0.7231242161347694, 0.41339164130002454, 0.5533522557492169], [0.17733019274843254, 0.8853849256456904, -0.42970633714105094], [-0.6675667538001561, -0.2126049960434767, -0.7135500997674058]], \"translation\": [38.63844006232997, -283.2772607848024, 103.66854988976216]}"}, {"pdb.id": "3c6l", "status": "ok", "mhc.class": "MHCII", "species": "Mouse", "tcr.type": "ab", "cell.type": "ab", "frame": "native", "reference.id": "1fyt", "rmsd": 1.5331196287919275, "n.anchor.atoms": 160, "reversed.dock": false, "n.copies": 1, "chain.map": "{\"A\": \"A\", \"B\": \"B\", \"C\": \"D\", \"E\": \"C\", \"D\": \"E\"}", "transform": "{\"rotation\": [[-0.9426001240240637, 0.2546433293803651, 0.216013381511194], [0.0998106416428838, 0.832174274791049, -0.5454574338945491], [-0.3186578761064185, -0.49258781062676854, -0.809823688723214]], \"translation\": [-1.7798834663320022, 8.564113253588179, 5.167263738364128]}"}, {"pdb.id": "3d39", "status": "ok", "mhc.class": "MHCI", "species": "Human", "tcr.type": "ab", "cell.type": "unknown", "frame": "native", "reference.id": "1ao7", "rmsd": 0.33736999891167924, "n.anchor.atoms": 174, "reversed.dock": false, "n.copies": 1, "chain.map": "{\"A\": \"D\", \"B\": \"E\", \"C\": \"C\", \"D\": \"A\", \"E\": \"B\"}", "transform": "{\"rotation\": [[-0.573526679586849, 0.33326260030770466, 0.7483336067812479], [0.32067450387996344, 0.9319428082044043, -0.16926448179529], [-0.7538136443202805, 0.1428938118752385, -0.6413628833697356]], \"translation\": [-15.640983690821603, -301.6691068328185, 8.427915294367438]}"}, {"pdb.id": "3d3v", "status": "ok", "mhc.class": "MHCI", "species": "Human", "tcr.type": "ab", "cell.type": "unknown", "frame": "native", "reference.id": "1ao7", "rmsd": 0.34214278435309664, "n.anchor.atoms": 174, "reversed.dock": false, "n.copies": 1, "chain.map": "{\"A\": \"D\", \"B\": \"E\", \"C\": \"C\", \"D\": \"A\", \"E\": \"B\"}", "transform": "{\"rotation\": [[-0.5760767076662386, 0.3413230458352854, 0.7427208124633061], [0.3077495569975101, 0.9323507426189558, -0.1897690778438844], [-0.7572488607137451, 0.11925045542725062, -0.6421475623469497]], \"translation\": [-11.789535332090011, -301.8391899657424, 14.710748223378516]}"}, {"pdb.id": "3dxa", "status": "ok", "mhc.class": "MHCI", "species": "Human", "tcr.type": "ab", "cell.type": "unknown", "frame": "native", "reference.id": "1ao7", "rmsd": 0.8669448615980276, "n.anchor.atoms": 174, "reversed.dock": false, "n.copies": 1, "chain.map": "{\"A\": \"D\", \"B\": \"E\", \"C\": \"C\", \"D\": \"A\", \"E\": \"B\"}", "transform": "{\"rotation\": [[-0.7703596239157605, 0.1570460991699473, 0.6179664817576037], [-0.12057303336070618, 0.9158251498395112, -0.38304887227041196], [-0.626105576932968, -0.3695954784043485, -0.6865791934485751]], \"translation\": [125.64057111634294, -259.5754172265871, 81.48482530935253]}"}, {"pdb.id": "3e2h", "status": "ok", "mhc.class": "MHCI", "species": "Mouse", "tcr.type": "ab", "cell.type": "unknown", "frame": "native", "reference.id": "1ao7", "rmsd": 1.2141271621860283, "n.anchor.atoms": 169, "reversed.dock": false, "n.copies": 1, "chain.map": "{\"A\": \"D\", \"B\": \"A\", \"C\": \"B\", \"Q\": \"C\"}", "transform": "{\"rotation\": [[-0.48905527709912594, 0.484572494363555, 0.7252685252013779], [0.0644351208503377, 0.8492873898612219, -0.5239838209560639], [-0.8698695598436017, -0.209524287682829, -0.44657196702043783]], \"translation\": [59.04589922155591, -278.26612936103834, 104.21997925854144]}"}, {"pdb.id": "3e3q", "status": "ok", "mhc.class": "MHCI", "species": "Mouse", "tcr.type": "ab", "cell.type": "unknown", "frame": "native", "reference.id": "1ao7", "rmsd": 1.104777892194938, "n.anchor.atoms": 169, "reversed.dock": false, "n.copies": 1, "chain.map": "{\"A\": \"D\", \"D\": \"A\", \"E\": \"B\", \"Q\": \"C\"}", "transform": "{\"rotation\": [[-0.4823673957681965, 0.4957029071435294, 0.7222190272689183], [0.10372483760455545, 0.8510020562694088, -0.51481711149606], [-0.8698062160985729, -0.1734189380508709, -0.4619123492196233]], \"translation\": [47.21164436820652, -280.82663713527194, 102.32748681426968]}"}, {"pdb.id": "3ffc", "status": "ok", "mhc.class": "MHCI", "species": "Human", "tcr.type": "ab", "cell.type": "unknown", "frame": "native", "reference.id": "1ao7", "rmsd": 1.5840660678998575, "n.anchor.atoms": 174, "reversed.dock": false, "n.copies": 1, "chain.map": "{\"A\": \"D\", \"B\": \"E\", \"C\": \"C\", \"D\": \"A\", \"E\": \"B\"}", "transform": "{\"rotation\": [[-0.4960403897312386, 0.4826293618901657, 0.7218121852648194], [0.3543377800339948, 0.8714405061909072, -0.33916984212974544], [-0.7927097005814058, 0.08752338665310096, -0.6032835049899098]], \"translation\": [-31.80304280661348, -300.275325373386, 58.16401361761061]}"}, {"pdb.id": "3gjf", "status": "ok", "mhc.class": "MHCI", "species": "Human", "tcr.type": "other", "cell.type": "unknown", "frame": "native", "reference.id": "1ao7", "rmsd": 0.5110797400927751, "n.anchor.atoms": 174, "reversed.dock": null, "n.copies": 1, "chain.map": "{\"A\": \"D\", \"B\": \"E\", \"C\": \"C\"}", "transform": "{\"rotation\": [[0.8516294620885112, -0.2249304210852629, 0.47342746537694635], [-0.16004748297254795, -0.97169556785282, -0.17375996837401322], [0.4991112726607019, 0.07220823419522382, -0.8635241215029392]], \"translation\": [-48.939391573605995, 301.2541400116106, 40.37795635174554]}"}, {"pdb.id": "3gsn", "status": "ok", "mhc.class": "MHCI", "species": "Human", "tcr.type": "ab", "cell.type": "unknown", "frame": "native", "reference.id": "1ao7", "rmsd": 0.6251922185267775, "n.anchor.atoms": 174, "reversed.dock": false, "n.copies": 1, "chain.map": "{\"A\": \"A\", \"B\": \"B\", \"H\": \"D\", \"L\": \"E\", \"P\": \"C\"}", "transform": "{\"rotation\": [[-0.6791344713385291, 0.4935151554150605, 0.5433407413542498], [0.20257763119852382, 0.8375027556190777, -0.5074952587644989], [-0.7055059696258644, -0.2345888439506441, -0.6687521223264781]], \"translation\": [29.305202188440198, -270.81460134124296, 122.8748245147588]}"}, {"pdb.id": "3h9s", "status": "ok", "mhc.class": "MHCI", "species": "Human", "tcr.type": "ab", "cell.type": "unknown", "frame": "native", "reference.id": "1ao7", "rmsd": 0.8131957641296669, "n.anchor.atoms": 174, "reversed.dock": false, "n.copies": 1, "chain.map": "{\"A\": \"D\", \"B\": \"E\", \"C\": \"C\", \"D\": \"A\", \"E\": \"B\"}", "transform": "{\"rotation\": [[-0.5928926146864547, 0.33287953351270677, 0.7332595472400092], [0.3177901971755352, 0.9333790334280837, -0.16677221152216035], [-0.739924143429173, 0.13414468355182976, -0.6591793882133945]], \"translation\": [-14.091918050488797, -301.26205524701277, 9.800087181589362]}"}, {"pdb.id": "3hae", "status": "ok", "mhc.class": "MHCI", "species": "Human", "tcr.type": "other", "cell.type": "unknown", "frame": "native", "reference.id": "1ao7", "rmsd": 0.6122862570785972, "n.anchor.atoms": 174, "reversed.dock": null, "n.copies": 1, "chain.map": "{\"A\": \"D\", \"B\": \"E\", \"C\": \"C\"}", "transform": "{\"rotation\": [[0.8516880466457577, -0.23840528650323453, 0.46668018017486396], [-0.183472702924381, -0.9698174636956557, -0.1605984258719488], [0.49088210242618907, 0.05115668556734399, -0.8697228035641059]], \"translation\": [-42.26414164906663, 303.81009736347767, 36.82609577236069]}"}, {"pdb.id": "3hg1", "status": "ok", "mhc.class": "MHCI", "species": "Human", "tcr.type": "ab", "cell.type": "unknown", "frame": "native", "reference.id": "1ao7", "rmsd": 0.5078908406013143, "n.anchor.atoms": 174, "reversed.dock": false, "n.copies": 1, "chain.map": "{\"A\": \"D\", \"B\": \"E\", \"C\": \"C\", \"D\": \"A\", \"E\": \"B\"}", "transform": "{\"rotation\": [[-0.744288477080959, 0.24140835855817708, 0.6227011059109768], [0.01798451184775533, 0.9392917477323103, -0.3426478804481062], [-0.6676160724683795, -0.2438298936968728, -0.7034456359390306]], \"translation\": [81.60138139506635, -282.16434145387615, 69.39055883678624]}"}, {"pdb.id": "3kpr", "status": "ok", "mhc.class": "MHCI", "species": "Human", "tcr.type": "ab", "cell.type": "unknown", "frame": "native", "reference.id": "1ao7", "rmsd": 0.8443406874545009, "n.anchor.atoms": 174, "reversed.dock": false, "n.copies": 1, "chain.map": "{\"A\": \"D\", \"B\": \"E\", \"C\": \"C\", \"D\": \"A\", \"E\": \"B\"}", "transform": "{\"rotation\": [[-0.5032565975111382, 0.515691407579337, 0.6933939495051529], [0.09911710969361831, 0.831564096574556, -0.54651345075316], [-0.858433803870453, -0.20630929556611258, -0.46960395966763213]], \"translation\": [50.596425740935395, -268.6839030973628, 111.92526554687838]}"}, {"pdb.id": "3kps", "status": "ok", "mhc.class": "MHCI", "species": "Human", "tcr.type": "ab", "cell.type": "unknown", "frame": "native", "reference.id": "1ao7", "rmsd": 0.8180119458112942, "n.anchor.atoms": 174, "reversed.dock": false, "n.copies": 1, "chain.map": "{\"A\": \"D\", \"B\": \"E\", \"C\": \"C\", \"D\": \"A\", \"E\": \"B\"}", 