[{"pdb.id": "1ao7", "status": "ok", "mhc.class": "MHCI", "species": "Human", "tcr.type": "ab", "cell.type": "unknown", "frame": "native", "reference.id": "1ao7", "rmsd": 4.1624456227490757e-16, "n.anchor.atoms": 174, "reversed.dock": false, "n.copies": 1, "chain.map": "{\"A\": \"A\", \"B\": \"B\", \"C\": \"C\", \"D\": \"D\", \"E\": \"E\"}", "transform": "{\"rotation\": [[0.9948698201612403, 0.052925865349961375, 0.08621423147775081], [-0.07120636580868119, 0.9717158913679418, 0.22516189715697255], [-0.0718588505381329, -0.23014577823624027, 0.9704994726218941]], \"translation\": [0.3953968282224201, 0.7150709815135046, 9.380613620130553]}"}, {"pdb.id": "1bd2", "status": "ok", "mhc.class": "MHCI", "species": "Human", "tcr.type": "ab", "cell.type": "unknown", "frame": "native", "reference.id": "1ao7", "rmsd": 0.44110682945531515, "n.anchor.atoms": 174, "reversed.dock": false, "n.copies": 1, "chain.map": "{\"A\": \"A\", \"B\": \"B\", \"C\": \"C\", \"D\": \"D\", \"E\": \"E\"}", "transform": "{\"rotation\": [[0.9948701621012787, 0.05292392987147521, 0.08621147375804909], [-0.07120402038952782, 0.9717154881310731, 0.2251643790801697], [-0.07185644049730872, -0.23014792585020177, 0.9704991417749463]], \"translation\": [0.39545366972329615, 0.7149788200537363, 9.38059582141129]}"}, {"pdb.id": "1d9k", "status": "ok", "mhc.class": "MHCII", "species": "Mouse", "tcr.type": "ab", "cell.type": "ab", "frame": "native", "reference.id": "1fyt", "rmsd": 1.399434796319454, "n.anchor.atoms": 160, "reversed.dock": false, "n.copies": 1, "chain.map": "{\"A\": \"A\", \"B\": \"B\", \"C\": \"C\", \"D\": \"D\", \"E\": \"E\"}", "transform": "{\"rotation\": [[0.9309047254979218, 0.07444883646962688, 0.3575944110217008], [-0.09278269039722885, 0.995093211526207, 0.034363828906416365], [-0.35328142380868305, -0.06516802224079085, 0.9332445362652463]], \"translation\": [1.2218476576612995, -0.430850312473688, 12.968367548575824]}"}, {"pdb.id": "1fo0", "status": "ok", "mhc.class": "MHCI", "species": "Mouse", "tcr.type": "ab", "cell.type": "ab", "frame": "native", "reference.id": "1ao7", "rmsd": 0.9611535876608598, "n.anchor.atoms": 174, "reversed.dock": false, "n.copies": 1, "chain.map": "{\"A\": \"A\", \"B\": \"B\", \"C\": \"C\", \"D\": \"D\", \"E\": \"E\"}", "transform": "{\"rotation\": [[0.9948291555556029, 0.05375741442545647, 0.08616897150840787], [-0.07189596373516514, 0.9720156591654739, 0.22364375407263928], [-0.07173507966900815, -0.22868252826003369, 0.9708544585124389]], \"translation\": [0.4025459944825642, 0.7304446965303679, 9.394337963452587]}"}, {"pdb.id": "1fyt", "status": "ok", "mhc.class": "MHCII", "species": "Human", "tcr.type": "ab", "cell.type": "ab", "frame": "native", "reference.id": "1fyt", "rmsd": 6.342584306775716e-15, "n.anchor.atoms": 163, "reversed.dock": false, "n.copies": 1, "chain.map": "{\"A\": \"A\", \"B\": \"B\", \"C\": \"C\", \"D\": \"D\", \"E\": \"E\"}", "transform": "{\"rotation\": [[0.9309035042879936, 0.0744525164404033, 0.35759682395125514], [-0.09278711558933171, 0.9950927705065234, 0.03436465140612004], [-0.35328347949620503, -0.0651705522559353, 0.9332435814050437]], \"translation\": [1.2218334291518382, -0.4309029139285564, 12.968352419051389]}"}, {"pdb.id": "1g6r", "status": "ok", "mhc.class": "MHCI", "species": "Mouse", "tcr.type": "ab", "cell.type": "ab", "frame": "native", "reference.id": "1ao7", "rmsd": 1.0575134189374744, "n.anchor.atoms": 174, "reversed.dock": false, "n.copies": 1, "chain.map": "{\"A\": \"A\", \"B\": \"B\", \"C\": \"C\", \"D\": \"D\", \"E\": \"E\"}", "transform": "{\"rotation\": [[0.9948672228266806, 0.05381571755332329, 0.08569175858475302], [-0.0717863599183595, 0.9722012894377503, 0.2228707503133763], [-0.07131568884052342, -0.22787830383736993, 0.971074431321001]], \"translation\": [0.40719472735498313, 0.73992658793145, 9.402915673224408]}"}, {"pdb.id": "1j8h", "status": "ok", "mhc.class": "MHCII", "species": "Human", "tcr.type": "ab", "cell.type": "ab", "frame": "native", "reference.id": "1fyt", "rmsd": 0.3047597230529284, "n.anchor.atoms": 163, "reversed.dock": false, "n.copies": 1, "chain.map": "{\"A\": \"A\", \"B\": \"B\", \"C\": \"C\", \"D\": \"D\", \"E\": \"E\"}", "transform": "{\"rotation\": [[0.9309046509459791, 0.07445144869415916, 0.35759406124051746], [-0.0927861605162682, 0.9950928237520265, 0.034365688322348376], [-0.35328070887581037, -0.06517095905816077, 0.9332446018229332]], \"translation\": [1.2218364881440646, -0.43094833286565104, 12.96834643981209]}"}, {"pdb.id": "1jtr", "status": "ok", "mhc.class": "MHCI", "species": "Mouse", "tcr.type": "ab", "cell.type": "ab", "frame": "native", "reference.id": "1ao7", "rmsd": 0.9638537298515162, "n.anchor.atoms": 174, "reversed.dock": false, "n.copies": 1, "chain.map": "{\"A\": \"A\", \"B\": \"B\", \"C\": \"C\", \"D\": \"D\", \"E\": \"E\"}", "transform": "{\"rotation\": [[0.9948156093958775, 0.05400021763574752, 0.0861735446503134], [-0.0721028660697767, 0.9720980201459667, 0.223218762501755], [-0.07171527038805274, -0.22827486879545703, 0.9709518547639663]], \"translation\": [0.40695237639867154, 0.7392260337992317, 9.401145060051473]}"}, {"pdb.id": "1kj2", "status": "ok", "mhc.class": "MHCI", "species": "Mouse", "tcr.type": "ab", "cell.type": "ab", "frame": "native", "reference.id": "1ao7", "rmsd": 1.1212191416068629, "n.anchor.atoms": 174, "reversed.dock": false, "n.copies": 1, "chain.map": "{\"A\": \"A\", \"B\": \"B\", \"C\": \"C\", \"D\": \"D\", \"E\": \"E\"}", "transform": "{\"rotation\": [[0.9948400308796833, 0.05402477434377098, 0.08587570504174516], [-0.07202501551383893, 0.972208011489892, 0.22276440365350883], [-0.07145425179472187, -0.22780014519744451, 0.9710825833823202]], \"translation\": [0.40922431549712907, 0.7439233772000755, 9.405521587906989]}"}, {"pdb.id": "1lp9", "status": "ok", "mhc.class": "MHCI", "species": "Mouse", "tcr.type": "ab", "cell.type": "unknown", "frame": "native", "reference.id": "1ao7", "rmsd": 0.5994131708903541, "n.anchor.atoms": 174, "reversed.dock": false, "n.copies": 1, "chain.map": "{\"A\": \"A\", \"B\": \"B\", \"C\": \"C\", \"D\": \"D\", \"E\": \"E\"}", "transform": "{\"rotation\": [[0.9948699673528199, 0.05292357167905521, 0.08621394098480625], [-0.07120433800690255, 0.9717151644159281, 0.2251656756548965], [-0.07185882206381124, -0.2301493749825519, 0.9704986217850814]], \"translation\": [0.39542616510108275, 0.7149590778315542, 9.380651381315252]}"}, {"pdb.id": "1mi5", "status": "ok", "mhc.class": "MHCI", "species": "Human", "tcr.type": "ab", "cell.type": "unknown", "frame": "native", "reference.id": "1ao7", "rmsd": 1.3006348315169138, "n.anchor.atoms": 174, "reversed.dock": false, "n.copies": 1, "chain.map": "{\"A\": \"A\", \"B\": \"B\", \"C\": \"C\", \"D\": \"D\", \"E\": \"E\"}", "transform": "{\"rotation\": [[0.9948698311471137, 0.052924027394470954, 0.08621523297923288], [-0.07120501678394243, 0.9717153199440234, 0.22516478981155777], [-0.07186003519420657, -0.23014861353141783, 0.9704987125346712]], \"translation\": [0.39538380645048155, 0.7149502022959637, 9.38058728321305]}"}, {"pdb.id": "1mwa", "status": "ok", "mhc.class": "MHCI", "species": "Mouse", "tcr.type": "ab", "cell.type": "ab", "frame": "native", "reference.id": "1ao7", "rmsd": 0.9638597572102113, "n.anchor.atoms": 174, "reversed.dock": false, "n.copies": 1, "chain.map": "{\"A\": \"A\", \"B\": \"B\", \"C\": \"C\", \"D\": \"D\", \"E\": \"E\"}", "transform": "{\"rotation\": [[0.9948157427727061, 0.05400247569948007, 0.08617058981993402], [-0.0721044768439059, 0.9720976422926993, 0.2232198877072626], [-0.07171180063737699, -0.22827594368943793, 0.9709518583235951]], \"translation\": [0.40701294815509975, 0.7392146045505911, 9.401150890393021]}"}, {"pdb.id": "1nam", "status": "ok", "mhc.class": "MHCI", "species": "Mouse", "tcr.type": "ab", "cell.type": "ab", "frame": "native", "reference.id": "1ao7", "rmsd": 0.9355601659930088, "n.anchor.atoms": 174, "reversed.dock": false, "n.copies": 1, "chain.map": "{\"A\": \"A\", \"B\": \"B\", \"C\": \"C\", \"D\": \"D\", \"E\": \"E\"}", "transform": "{\"rotation\": [[0.9948349408761223, 0.05392241428034838, 0.08599891656399304], [-0.0719788774311511, 0.9721316467349047, 0.2231123094323435], [-0.07157151399651614, -0.22815002663743233, 0.970991804151604]], \"translation\": [0.40637973600663846, 0.7379286860097923, 9.400892449101178]}"}, {"pdb.id": "1oga", "status": "ok", "mhc.class": "MHCI", "species": "Human", "tcr.type": "ab", "cell.type": "unknown", "frame": "native", "reference.id": "1ao7", "rmsd": 0.5063400897801515, "n.anchor.atoms": 174, "reversed.dock": false, "n.copies": 1, "chain.map": "{\"A\": \"A\", \"B\": \"B\", \"C\": \"C\", \"D\": \"D\", \"E\": \"E\"}", "transform": "{\"rotation\": [[0.9948700185504662, 0.05292688698452739, 0.08621131493906901], [-0.0712067015189827, 0.9717158248672274, 0.22516207798248727], [-0.07185577115432525, -0.230145824069724, 0.9704996897552753]], \"translation\": [0.3954441870408986, 0.7149970324881405, 9.38062679485896]}"}, {"pdb.id": "1qrn", "status": "ok", "mhc.class": "MHCI", "species": "Human", "tcr.type": "ab", "cell.type": "unknown", "frame": "native", "reference.id": "1ao7", "rmsd": 0.2274541324735734, "n.anchor.atoms": 174, "reversed.dock": false, "n.copies": 1, "chain.map": "{\"A\": \"A\", \"B\": \"B\", \"C\": \"C\", \"D\": \"D\", \"E\": \"E\"}", "transform": "{\"rotation\": [[0.9948702348759472, 0.05292253220163429, 0.08621149194420005], [-0.07120294594920845, 0.9717146702622597, 0.2251682483949778], [-0.07185649759090698, -0.23015170036842092, 0.9704982424360663]], \"translation\": [0.3954188136149413, 0.7149701334275836, 9.380618010272267]}"}, {"pdb.id": "1qse", "status": "ok", "mhc.class": "MHCI", "species": "Human", "tcr.type": "ab", "cell.type": "unknown", "frame": "native", "reference.id": "1ao7", "rmsd": 0.38690815381419846, "n.anchor.atoms": 174, "reversed.dock": false, "n.copies": 1, "chain.map": "{\"A\": \"A\", \"B\": \"B\", \"C\": \"C\", \"D\": \"D\", \"E\": \"E\"}", "transform": "{\"rotation\": [[0.9948697526971559, 0.052924664726801324, 0.08621574700630202], [-0.0712058133044839, 0.9717150895831261, 0.22516553206053777], [-0.0718603320333691, -0.23014943958222844, 0.970498494661399]], \"translation\": [0.39537253887908236, 0.7149807399444789, 9.38062415463532]}"}, {"pdb.id": "1qsf", "status": "ok", "mhc.class": "MHCI", "species": "Human", "tcr.type": "ab", "cell.type": "unknown", "frame": "native", "reference.id": "1ao7", "rmsd": 0.268701614642791, "n.anchor.atoms": 174, "reversed.dock": false, "n.copies": 1, "chain.map": "{\"A\": \"A\", \"B\": \"B\", \"C\": \"C\", \"D\": \"D\", \"E\": \"E\"}", "transform": "{\"rotation\": [[0.9948702937553858, 0.052920647951869404, 0.08621196914250069], [-0.07120105645735775, 0.9717153082938572, 0.22516609244451316], [-0.0718575546649713, -0.23014943981624045, 0.9704987002514954]], \"translation\": [0.39548178169138154, 0.7149554321392735, 9.38061224565216]}"}, {"pdb.id": "1u3h", "status": "ok", "mhc.class": "MHCII", "species": "Mouse", "tcr.type": "ab", "cell.type": "ab", "frame": "native", "reference.id": "1fyt", "rmsd": 1.5198789341392975, "n.anchor.atoms": 159, "reversed.dock": false, "n.copies": 1, "chain.map": "{\"A\": \"A\", \"B\": \"B\", \"C\": \"C\", \"D\": \"D\", \"E\": \"E\"}", "transform": "{\"rotation\": [[0.9309041390173788, 0.07444714379218248, 0.35759629016741595], [-0.09278154201220078, 0.995093271096142, 0.034365204510068276], [-0.35328327079293, -0.06516904633617644, 0.9332437655711838]], \"translation\": [1.2217758225789552, -0.43085017163446454, 12.968360348775393]}"}, {"pdb.id": "1ymm", "status": "ok", "mhc.class": "MHCII", "species": "Human", "tcr.type": "ab", "cell.type": "ab", "frame": "native", "reference.id": "1fyt", "rmsd": 1.1549589912910028, "n.anchor.atoms": 163, "reversed.dock": false, "n.copies": 1, "chain.map": "{\"A\": \"A\", \"B\": \"B\", \"C\": \"C\", \"D\": \"D\", \"E\": \"E\"}", "transform": "{\"rotation\": [[0.9309047336228559, 0.07445011455231958, 0.3575941237796108], [-0.09278550341359482, 0.9950928152877291, 0.034367707503236075], [-0.3532806636016846, -0.06517261239116251, 0.9332445035033772]], \"translation\": [1.2218260805726977, -0.4309144941099421, 12.96839891574314]}"}, {"pdb.id": "1zgl", "status": "ok", "mhc.class": "MHCII", "species": "Human", "tcr.type": "ab", "cell.type": "ab", "frame": "native", "reference.id": "1fyt", "rmsd": 0.744454438511643, "n.anchor.atoms": 161, "reversed.dock": false, "n.copies": 1, "chain.map": "{\"A\": \"A\", \"B\": \"B\", \"C\": \"C\", \"D\": \"D\", \"E\": \"E\"}", "transform": "{\"rotation\": [[0.9309062633501111, 0.07444756458848102, 0.35759067239286024], [-0.09278283082635826, 0.9950930361238876, 0.03436852865034628], [-0.35327733462448596, -0.06517215344444544, 0.9332457957344531]], \"translation\": [1.2218748444332395, -0.4309016347794384, 12.96832103833899]}"}, {"pdb.id": "2ak4", "status": "ok", "mhc.class": "MHCI", "species": "Human", "tcr.type": "ab", "cell.type": "unknown", "frame": "native", "reference.id": "1ao7", "rmsd": 1.0764286385908846, "n.anchor.atoms": 174, "reversed.dock": false, "n.copies": 1, "chain.map": "{\"A\": \"A\", \"B\": \"B\", \"C\": \"C\", \"D\": \"D\", \"E\": \"E\"}", "transform": "{\"rotation\": [[0.99487024860111, 0.05292321254244318, 0.08621091591296984], [-0.07120332347981831, 0.9717151231600746, 0.22516617451879575], [-0.07185593346268726, -0.23014963175331818, 0.9704987747699731]], \"translation\": [0.3954641246905922, 0.7149786972903387, 9.38062126245321]}"}, {"pdb.id": "2bnq", "status": "ok", "mhc.class": "MHCI", "species": "Human", "tcr.type": "ab", "cell.type": "unknown", "frame": "native", "reference.id": "1ao7", "rmsd": 0.5425895858280124, "n.anchor.atoms": 174, "reversed.dock": false, "n.copies": 1, "chain.map": "{\"A\": \"A\", \"B\": \"B\", \"C\": \"C\", \"D\": \"D\", \"E\": \"E\"}", "transform": "{\"rotation\": [[0.9948703196241196, 0.05292336929848037, 0.08621000007596778], [-0.07120334306735901, 0.9717148756930334, 0.22516723627762772], [-0.07185493070787632, -0.23015064053564963, 0.9704986097846805]], \"translation\": [0.3954584946885826, 0.7149290620475771, 9.380626859872208]}"}, {"pdb.id": "2bnr", "status": "ok", "mhc.class": "MHCI", "species": "Human", "tcr.type": "ab", "cell.type": "unknown", "frame": "native", "reference.id": "1ao7", "rmsd": 0.5277465906103462, "n.anchor.atoms": 174, "reversed.dock": false, "n.copies": 1, "chain.map": "{\"A\": \"A\", \"B\": \"B\", \"C\": \"C\", \"D\": \"D\", \"E\": \"E\"}", "transform": "{\"rotation\": [[0.9948702440730436, 0.052925030545766166, 0.0862098521038753], [-0.07120484724519323, 0.971715028775111, 0.22516609998259968], [-0.07185448619836514, -0.23014961219675176, 0.9704988865623984]], \"translation\": [0.3954895246809903, 0.7149990585926199, 9.38064463105105]}"}, {"pdb.id": "2ckb", "status": "ok", "mhc.class": "MHCI", "species": "Mouse", "tcr.type": "ab", "cell.type": "ab", "frame": "native", "reference.id": "1ao7", "rmsd": 0.9563024539728314, "n.anchor.atoms": 174, "reversed.dock": false, "n.copies": 1, "chain.map": "{\"A\": \"A\", \"B\": \"B\", \"C\": \"C\", \"D\": \"D\", \"E\": \"E\"}", "transform": "{\"rotation\": [[0.9948122847391223, 0.05381777732428405, 0.08632592296639861], [-0.07199786106849353, 0.9719869935648696, 0.2237355410798362], [-0.07186672480145957, -0.22879014660732028, 0.9708193666597886]], \"translation\": [0.4035523437260641, 0.7323827169362603, 9.395242308827138]}"}, {"pdb.id": "2e7l", "status": "ok", "mhc.class": "MHCI", "species": "Mouse", "tcr.type": "ab", "cell.type": "unknown", "frame": "native", "reference.id": "1ao7", "rmsd": 1.0777563120938591, "n.anchor.atoms": 169, "reversed.dock": false, "n.copies": 1, "chain.map": "{\"A\": \"A\", \"B\": \"B\", \"C\": \"C\", \"D\": \"D\"}", "transform": "{\"rotation\": [[0.9948702535630662, 0.05292226142299237, 0.08621144251916796], [-0.0712024080112006, 0.9717155296847209, 0.22516470963041432], [-0.07185677190610422, -0.23014813406894877, 0.9704990678593238]], \"translation\": [0.3954057121160777, 0.7149568737735752, 9.380605402430279]}"}, {"pdb.id": "2esv", "status": "ok", "mhc.class": "MHCI", "species": "Human", "tcr.type": "ab", "cell.type": "unknown", "frame": "native", "reference.id": "1ao7", "rmsd": 0.9511434535998219, "n.anchor.atoms": 173, "reversed.dock": false, "n.copies": 1, "chain.map": "{\"A\": \"A\", \"B\": \"B\", \"C\": \"C\", \"D\": \"D\", \"E\": \"E\"}", "transform": "{\"rotation\": [[0.9948781415671988, 0.05296931439648273, 0.0860914349059372], [-0.07120205777426172, 0.971773553424328, 0.2249142677416574], [-0.07174782505767925, -0.22989217602480935, 0.97056779103887]], \"translation\": [0.39829619968063446, 0.7206037446124725, 9.385199892020086]}"}, {"pdb.id": "2f53", "status": "ok", "mhc.class": "MHCI", "species": "Human", "tcr.type": "ab", "cell.type": "unknown", "frame": "native", "reference.id": "1ao7", "rmsd": 0.5630144054997213, "n.anchor.atoms": 174, "reversed.dock": false, "n.copies": 1, "chain.map": "{\"A\": \"A\", \"B\": \"B\", \"C\": \"C\", \"D\": \"D\", \"E\": \"E\"}", "transform": "{\"rotation\": [[0.9948703544277423, 0.052923230953117684, 0.08620968336736534], [-0.07120283251047273, 0.9717158585001886, 0.22516315635940162], [-0.07185495475820723, -0.23014652281693465, 0.9704995844986082]], \"translation\": [0.3954748329680972, 0.7150296645261183, 9.380630831168421]}"}, {"pdb.id": "2f54", "status": "ok", "mhc.class": "MHCI", "species": "Human", "tcr.type": "ab", "cell.type": "unknown", "frame": "native", "reference.id": "1ao7", "rmsd": 0.5148197245867523, "n.anchor.atoms": 174, "reversed.dock": false, "n.copies": 1, "chain.map": "{\"A\": \"A\", \"B\": \"B\", \"C\": \"C\", \"D\": \"D\", \"E\": \"E\"}", "transform": "{\"rotation\": [[0.9948701707167802, 0.052924297708372876, 0.08621114852523476], [-0.07120458504693128, 0.9717145682173629, 0.22516817044697748], [-0.07185576167753592, -0.23015172522972843, 0.9704982910276148]], \"translation\": [0.3954230721216503, 0.7149336063243699, 9.380650546118028]}"}, {"pdb.id": "2gj6", "status": "ok", "mhc.class": "MHCI", "species": "Human", "tcr.type": "ab", "cell.type": "unknown", "frame": "native", "reference.id": "1ao7", "rmsd": 0.36721528718308843, "n.anchor.atoms": 174, "reversed.dock": false, "n.copies": 1, "chain.map": "{\"A\": \"A\", \"B\": \"B\", \"C\": \"C\", \"D\": \"D\", \"E\": \"E\"}", "transform": "{\"rotation\": [[0.9948702539564607, 0.05292437442235227, 0.08621014084554264], [-0.07120432095441652, 0.9717149181112266, 0.22516674398656567], [-0.07185487088587691, -0.23015023031075596, 0.9704987114972798]], \"translation\": [0.3954501251447492, 0.7149684176707322, 9.380641135009773]}"}, {"pdb.id": "2iam", "status": "ok", "mhc.class": "MHCII", "species": "Human", "tcr.type": "ab", "cell.type": "ab", "frame": "native", "reference.id": "1fyt", "rmsd": 0.5869668573383083, "n.anchor.atoms": 162, "reversed.dock": false, "n.copies": 1, "chain.map": "{\"A\": \"A\", \"B\": \"B\", \"C\": \"C\", \"D\": \"D\", \"E\": \"E\"}", "transform": "{\"rotation\": [[0.9309044391884613, 0.07444821033536676, 0.35759528670981977], [-0.09278248770803232, 0.995093193820262, 0.034364888873675344], [-0.3532822314721276, -0.06516900789832653, 0.9332441616938317]], \"translation\": [1.2218424358776458, -0.4308634398215013, 12.968325348434654]}"}, {"pdb.id": "2ian", "status": "ok", "mhc.class": "MHCII", "species": "Human", "tcr.type": "ab", "cell.type": "ab", "frame": "native", "reference.id": "1fyt", "rmsd": 0.5128472363897427, "n.anchor.atoms": 161, "reversed.dock": false, "n.copies": 1, "chain.map": "{\"A\": \"A\", \"B\": \"B\", \"C\": \"C\", \"D\": \"D\", \"E\": \"E\"}", "transform": "{\"rotation\": [[0.930905162518662, 0.07445017550698022, 0.3575929945665657], [-0.09278485835999102, 0.9950929325386891, 0.0343660540456419], [-0.3532797028633548, -0.06517075247786719, 0.9332449970753921]], \"translation\": [1.2218199325181465, -0.43086695255292967, 12.96836637585981]}"}, {"pdb.id": "2j8u", "status": "ok", "mhc.class": "MHCI", "species": "Mouse", "tcr.type": "ab", "cell.type": "unknown", "frame": "native", "reference.id": "1ao7", "rmsd": 0.5661116021307857, "n.anchor.atoms": 174, "reversed.dock": false, "n.copies": 1, "chain.map": "{\"A\": \"A\", \"B\": \"B\", \"C\": \"C\", \"D\": \"D\", \"E\": \"E\"}", "transform": "{\"rotation\": [[0.994870251469697, 0.0529238236702886, 0.08621050764691543], [-0.07120377343863539, 0.9717152541216295, 0.22516546705797982], [-0.0718554478708623, -0.230148938288785, 0.9704989751750508]], \"translation\": [0.39545015035657877, 0.7150071747936516, 9.380596389661484]}"}, {"pdb.id": "2jcc", "status": "ok", "mhc.class": "MHCI", "species": "Mouse", "tcr.type": "ab", "cell.type": "unknown", "frame": "native", "reference.id": "1ao7", "rmsd": 0.5883889457728954, "n.anchor.atoms": 174, "reversed.dock": false, "n.copies": 1, "chain.map": "{\"A\": \"A\", \"B\": \"B\", \"C\": \"C\", \"D\": \"D\", \"E\": \"E\"}", "transform": "{\"rotation\": [[0.9948703991555703, 0.05292288402332576, 0.0862093801780942], [-0.07120269543351389, 0.9717150172541921, 0.22516683016308034], [-0.0718544713086093, -0.23015015444127107, 0.9704987590737144]], \"translation\": [0.3954758733838829, 0.7149237827706437, 9.380661721828302]}"}, {"pdb.id": "2nx5", "status": "ok", "mhc.class": "MHCI", "species": "Human", "tcr.type": "ab", "cell.type": "unknown", "frame": "native", "reference.id": "1ao7", "rmsd": 0.736324434770018, "n.anchor.atoms": 174, "reversed.dock": false, "n.copies": 1, "chain.map": "{\"A\": \"A\", \"B\": \"B\", \"C\": \"C\", \"D\": \"D\", \"E\": \"E\"}", "transform": "{\"rotation\": [[0.9948700647401301, 0.05292335552718221, 0.08621294986087356], [-0.07120385008215462, 0.9717153479893982, 0.22516503772859917], [-0.0718579572312492, -0.23014864961929937, 0.9704988578359923]], \"translation\": [0.3954203599271282, 0.7149569026691295, 9.380631361630535]}"}, {"pdb.id": "2oi9", "status": "ok", "mhc.class": "MHCI", "species": "Mouse", "tcr.type": "ab", "cell.type": "unknown", "frame": "native", "reference.id": "1ao7", "rmsd": 1.1801238773764022, "n.anchor.atoms": 169, "reversed.dock": false, "n.copies": 1, "chain.map": "{\"A\": \"A\", \"B\": \"B\", \"C\": \"C\", \"D\": \"D\"}", "transform": "{\"rotation\": [[0.9948702962965474, 0.05292357033397198, 0.08621014586418893], [-0.07120339629931806, 0.9717154254125786, 0.22516484710250398], [-0.07185520094093333, -0.23014827333342508, 0.9704991511482027]], \"translation\": [0.3954154129332675, 0.7149706166899223, 9.380639234627264]}"}, {"pdb.id": "2ol3", "status": "ok", "mhc.class": "MHCI", "species": "Mouse", "tcr.type": "ab", "cell.type": "ab", "frame": "native", "reference.id": "1ao7", "rmsd": 1.0830730372131918, "n.anchor.atoms": 174, "reversed.dock": false, "n.copies": 1, "chain.map": "{\"A\": \"A\", \"B\": \"B\", \"C\": \"C\", \"D\": \"D\", \"E\": \"E\"}", "transform": "{\"rotation\": [[0.9947940718081858, 0.054306219318322704, 0.0862298628007716], [-0.07238149089916224, 0.9721808213444016, 0.2227675254280558], [-0.07173335674917317, -0.22784925971675954, 0.9710504829183811]], \"translation\": [0.4092575000128026, 0.7439552689347417, 9.405257630018294]}"}, {"pdb.id": "2p5e", "status": "ok", "mhc.class": "MHCI", "species": "Human", "tcr.type": "ab", "cell.type": "unknown", "frame": "native", "reference.id": "1ao7", "rmsd": 0.6070806509607817, "n.anchor.atoms": 174, "reversed.dock": false, "n.copies": 1, "chain.map": "{\"A\": \"A\", \"B\": \"B\", \"C\": \"C\", \"D\": \"D\", \"E\": \"E\"}", "transform": "{\"rotation\": [[0.994870203363376, 0.05292433215293661, 0.08621075063981747], [-0.07120431227054136, 0.971715258764454, 0.22516527662677033], [-0.07185557997674497, -0.23014880175768138, 0.9704989977716155]], \"translation\": [0.395443021979039, 0.7149719306587697, 9.38060539091545]}"}, {"pdb.id": "2p5w", "status": "ok", "mhc.class": "MHCI", "species": "Human", "tcr.type": "ab", "cell.type": "unknown", "frame": "native", "reference.id": "1ao7", "rmsd": 0.5625888562431886, "n.anchor.atoms": 174, "reversed.dock": false, "n.copies": 1, "chain.map": "{\"A\": \"A\", \"B\": \"B\", \"C\": \"C\", \"D\": \"D\", \"E\": \"E\"}", "transform": "{\"rotation\": [[0.9948700419899096, 0.052924490610231814, 0.08621251559166127], [-0.07120473949446524, 0.971715654185815, 0.2251634350505407], [-0.07185739088305602, -0.23014709579719075, 0.9704992682488736]], \"translation\": [0.3954231682371494, 0.7150408150685617, 9.380667600476938]}"}, {"pdb.id": "2pxy", "status": "ok", "mhc.class": "MHCII", "species": "Mouse", "tcr.type": "ab", "cell.type": "ab", "frame": "native", "reference.id": "1fyt", "rmsd": 1.4230194539264138, "n.anchor.atoms": 156, "reversed.dock": false, "n.copies": 1, "chain.map": "{\"A\": \"A\", \"B\": \"B\", \"C\": \"C\", \"D\": \"D\", \"E\": \"E\"}", "transform": "{\"rotation\": [[0.9309041670875126, 0.07445083432239169, 0.35759544875152516], [-0.09278507051761457, 0.9950929743614448, 0.03436427018771989], [-0.3532822701299147, -0.06516936124585782, 0.9332441223852742]], \"translation\": [1.2218057952373718, -0.4308727510919793, 12.968303050137063]}"}, {"pdb.id": "2pye", "status": "ok", "mhc.class": "MHCI", "species": "Human", "tcr.type": "ab", "cell.type": "unknown", "frame": "native", "reference.id": "1ao7", "rmsd": 0.5685539102494607, "n.anchor.atoms": 174, "reversed.dock": false, "n.copies": 1, "chain.map": "{\"A\": \"A\", \"B\": \"B\", \"C\": \"C\", \"D\": \"D\", \"E\": \"E\"}", "transform": "{\"rotation\": [[0.9948699584612659, 0.05292736316511546, 0.0862117160232144], [-0.07120757362626023, 0.9717147779142117, 0.2251663203976009], [-0.07185573887686428, -0.23015013493700678, 0.9704986698491338]], \"translation\": [0.39544937754037096, 0.7149598042403263, 9.38059820772706]}"}, {"pdb.id": "2uwe", "status": "ok", "mhc.class": "MHCI", "species": "Mouse", "tcr.type": "ab", "cell.type": "unknown", "frame": "native", "reference.id": "1ao7", "rmsd": 0.5857117899172227, "n.anchor.atoms": 174, "reversed.dock": false, "n.copies": 1, "chain.map": "{\"A\": \"A\", \"B\": \"B\", \"C\": \"C\", \"D\": \"D\", \"E\": \"E\"}", "transform": "{\"rotation\": [[0.994870156563075, 0.05292528924710308, 0.08621070315380581], [-0.07120529775755455, 0.9717149935508991, 0.2251661095272408], [-0.07185525138374477, -0.23014970142601976, 0.9704988087484157]], \"translation\": [0.3954676361604992, 0.7149498340613741, 9.380643857893412]}"}, {"pdb.id": "2vlj", "status": "ok", "mhc.class": "MHCI", "species": "Human", "tcr.type": "ab", "cell.type": "unknown", "frame": "native", "reference.id": "1ao7", "rmsd": 0.5393988470325157, "n.anchor.atoms": 174, "reversed.dock": false, "n.copies": 1, "chain.map": "{\"A\": \"A\", \"B\": \"B\", \"C\": \"C\", \"D\": \"D\", \"E\": \"E\"}", "transform": "{\"rotation\": [[0.9948702647999975, 0.052924305519852374, 0.08621005800963003], [-0.07120418900682253, 0.9717150700619671, 0.22516612996262966], [-0.07185485150400889, -0.23014960460471917, 0.9704988613159881]], \"translation\": [0.39547385317045924, 0.7149950719459897, 9.380630987660835]}"}, {"pdb.id": "2vlk", "status": "ok", "mhc.class": "MHCI", "species": "Human", "tcr.type": "ab", "cell.type": "unknown", "frame": "native", "reference.id": "1ao7", "rmsd": 0.5363089919079351, "n.anchor.atoms": 174, "reversed.dock": false, "n.copies": 1, "chain.map": "{\"A\": \"A\", \"B\": \"B\", \"C\": \"C\", \"D\": \"D\", \"E\": \"E\"}", "transform": "{\"rotation\": [[0.9948701843710149, 0.05292466716728941, 0.08621076414702507], [-0.07120458797781669, 0.9717154095609539, 0.2251645386660546], [-0.07185556972491207, -0.23014808803685427, 0.9704991677855731]], \"translation\": [0.3954462115843786, 0.7149695204214508, 9.380645766813911]}"}, {"pdb.id": "2vlr", "status": "ok", "mhc.class": "MHCI", "species": "Human", "tcr.type": "ab", "cell.type": "unknown", "frame": "native", "reference.id": "1ao7", "rmsd": 0.7640713631762457, "n.anchor.atoms": 174, "reversed.dock": false, "n.copies": 1, "chain.map": "{\"A\": \"A\", \"B\": \"B\", \"C\": \"C\", \"D\": \"D\", \"E\": \"E\"}", "transform": "{\"rotation\": [[0.994870222884209, 0.05292671582002944, 0.08620906199948314], [-0.07120644252727824, 0.9717144979900483, 0.2251678861173561], [-0.07185319868269063, -0.2301514656665372, 0.9704985423433728]], \"translation\": [0.39551882773479935, 0.7149404917915524, 9.380615668819482]}"}, {"pdb.id": "2wbj", "status": "ok", "mhc.class": "MHCII", "species": "Human", "tcr.type": "ab", "cell.type": "ab", "frame": "native", "reference.id": "1fyt", "rmsd": 0.4965828902037017, "n.anchor.atoms": 153, "reversed.dock": true, "n.copies": 1, "chain.map": "{\"A\": \"A\", \"B\": \"B\", \"C\": \"C\", \"D\": \"D\", \"E\": \"E\"}", "transform": "{\"rotation\": [[0.9309049469502256, 0.07445242020414455, 0.35759308839705434], [-0.09278633810638928, 0.9950928791061932, 0.0343636059364316], [-0.35327988225259127, -0.06516900396578922, 0.9332450512687988]], \"translation\": [1.2218753635249535, -0.4308921464724109, 12.968337279830033]}"}, {"pdb.id": "2ypl", "status": "ok", "mhc.class": "MHCI", "species": "Human", "tcr.type": "ab", "cell.type": "unknown", "frame": "native", "reference.id": "1ao7", "rmsd": 0.8422191138278866, "n.anchor.atoms": 174, "reversed.dock": false, "n.copies": 1, "chain.map": "{\"A\": \"A\", \"B\": \"B\", \"C\": \"C\", \"D\": \"D\", \"E\": \"E\"}", "transform": "{\"rotation\": [[0.9948702256352535, 0.052924253412722735, 0.08621054196074701], [-0.07120442974564059, 0.971714490522755, 0.22516855484880963], [-0.07185515520168288, -0.230152063446777, 0.9704982557233853]], \"translation\": [0.39546866617877635, 0.7149130373014745, 9.380648834558173]}"}, {"pdb.id": "2z31", "status": "ok", "mhc.class": "MHCII", "species": "Mouse", "tcr.type": "ab", "cell.type": "ab", "frame": "native", "reference.id": "1fyt", "rmsd": 1.5698993527562324, "n.anchor.atoms": 158, "reversed.dock": false, "n.copies": 1, "chain.map": "{\"A\": \"A\", \"B\": \"B\", \"C\": \"C\", \"D\": \"D\", \"E\": \"E\"}", "transform": "{\"rotation\": [[0.9309054941275012, 0.07445258533506095, 0.3575916295722813], [-0.09278600611383098, 0.9950929465167359, 0.03436255028496205], [-0.3532785276133805, -0.06516778598025201, 0.9332456491180415]], \"translation\": [1.2218863089790364, -0.43087943583861793, 12.968348233893526]}"}, {"pdb.id": "3c5z", "status": "ok", "mhc.class": "MHCII", "species": "Mouse", "tcr.type": "ab", "cell.type": "ab", "frame": "native", "reference.id": "1fyt", "rmsd": 1.3787461388721967, "n.anchor.atoms": 161, "reversed.dock": false, "n.copies": 1, "chain.map": "{\"A\": \"A\", \"B\": \"B\", \"C\": \"C\", \"D\": \"D\", \"E\": \"E\"}", "transform": "{\"rotation\": [[0.9309050042377681, 0.07445038698157752, 0.357593362582941], [-0.09278407293783877, 0.995093100553654, 0.03436330949691221], [-0.35328032622005284, -0.06516794540882932, 0.9332449571238225]], \"translation\": [1.2218664358994358, -0.4308759135788592, 12.968407061938514]}"}, {"pdb.id": "3c60", "status": "ok", "mhc.class": "MHCII", "species": "Mouse", "tcr.type": "ab", "cell.type": "ab", "frame": "native", "reference.id": "1fyt", "rmsd": 1.3928039108187376, "n.anchor.atoms": 161, "reversed.dock": false, "n.copies": 1, "chain.map": "{\"A\": \"A\", \"B\": \"B\", \"C\": \"C\", \"D\": \"D\", \"E\": \"E\"}", "transform": "{\"rotation\": [[0.9309037879745772, 0.07445122371181453, 0.35759635459886463], [-0.09278395682267958, 0.9950932239328868, 0.034360050046224555], [-0.3532835615916916, -0.06516510546807511, 0.9332439306732323]], \"translation\": [1.2217866808180367, -0.4307569914781511, 12.968293179447555]}"}, {"pdb.id": "3c6l", "status": "ok", "mhc.class": "MHCII", "species": "Mouse", "tcr.type": "ab", "cell.type": "ab", "frame": "native", "reference.id": "1fyt", "rmsd": 1.533183291377718, "n.anchor.atoms": 160, "reversed.dock": false, "n.copies": 1, "chain.map": "{\"A\": \"A\", \"B\": \"B\", \"C\": \"C\", \"D\": \"D\", \"E\": \"E\"}", "transform": "{\"rotation\": [[0.9309041628479466, 0.07444963335768794, 0.35759570982503247], [-0.09278314188476967, 0.9950932147940523, 0.034362515228485525], [-0.353282787826344, -0.06516706195420398, 0.9332440869686255]], \"translation\": [1.2218010631040495, -0.43086931930498773, 12.968345953192298]}"}, {"pdb.id": "3d39", "status": "ok", "mhc.class": "MHCI", "species": "Human", "tcr.type": "ab", "cell.type": "unknown", "frame": "native", "reference.id": "1ao7", "rmsd": 0.3374137540858425, "n.anchor.atoms": 174, "reversed.dock": false, "n.copies": 1, "chain.map": "{\"A\": \"A\", \"B\": \"B\", \"C\": \"C\", \"D\": \"D\", \"E\": \"E\"}", "transform": "{\"rotation\": [[0.9948700867797428, 0.05292511601907987, 0.08621161479310445], [-0.07120524012225635, 0.971715309481883, 0.22516476433416424], [-0.07185627467381997, -0.230148407365541, 0.9704990398640826]], \"translation\": [0.3954762939794392, 0.7149870860281047, 9.380611569046708]}"}, {"pdb.id": "3d3v", "status": "ok", "mhc.class": "MHCI", "species": "Human", "tcr.type": "ab", "cell.type": "unknown", "frame": "native", "reference.id": "1ao7", "rmsd": 0.342130945449005, "n.anchor.atoms": 174, "reversed.dock": false, "n.copies": 1, "chain.map": "{\"A\": \"A\", \"B\": \"B\", \"C\": \"C\", \"D\": \"D\", \"E\": \"E\"}", "transform": "{\"rotation\": [[0.9948702370152281, 0.05292454823195569, 0.08621022964652558], [-0.07120442898697102, 0.9717151677702857, 0.22516563240824833], [-0.07185499839191924, -0.2301491362564945, 0.9704989615071661]], \"translation\": [0.39545777580514485, 0.714958686600038, 9.380614961088048]}"}, {"pdb.id": "3dxa", "status": "ok", "mhc.class": "MHCI", "species": "Human", "tcr.type": "ab", "cell.type": "unknown", "frame": "native", "reference.id": "1ao7", "rmsd": 0.8669912437573147, "n.anchor.atoms": 174, "reversed.dock": false, "n.copies": 1, "chain.map": "{\"A\": \"A\", \"B\": \"B\", \"C\": \"C\", \"D\": \"D\", \"E\": \"E\"}", "transform": "{\"rotation\": [[0.9948703305849188, 0.05292422426837193, 0.08620934872416647], [-0.07120406932515108, 0.9717146908441606, 0.22516780433529252], [-0.07185405926872195, -0.2301512243791648, 0.9704985358481379]], \"translation\": [0.3954963226621837, 0.7149390889826075, 9.380602226030275]}"}, {"pdb.id": "3e2h", "status": "ok", "mhc.class": "MHCI", "species": "Mouse", "tcr.type": "ab", "cell.type": "unknown", "frame": "native", "reference.id": "1ao7", "rmsd": 1.2141925834354026, "n.anchor.atoms": 169, "reversed.dock": false, "n.copies": 1, "chain.map": "{\"A\": \"A\", \"B\": \"B\", \"C\": \"C\", \"D\": \"D\"}", "transform": "{\"rotation\": [[0.9948704028302192, 0.05292403073156341, 0.08620863381101548], [-0.07120377266987415, 0.9717145311456512, 0.2251685873250627], [-0.07185335294900373, -0.23015194314085674, 0.9704984176898356]], \"translation\": [0.395524246972243, 0.7149022698777411, 9.380613057420119]}"}, {"pdb.id": "3e3q", "status": "ok", "mhc.class": "MHCI", "species": "Mouse", "tcr.type": "ab", "cell.type": "unknown", "frame": "native", "reference.id": "1ao7", "rmsd": 1.104842051037998, "n.anchor.atoms": 169, "reversed.dock": false, "n.copies": 1, "chain.map": "{\"A\": \"A\", \"B\": \"B\", \"C\": \"C\", \"D\": \"D\"}", "transform": "{\"rotation\": [[0.9948702257863635, 0.05292418064885396, 0.08621058488630258], [-0.07120397589890559, 0.9717157528627941, 0.22516325067488677], [-0.07185560284333438, -0.23014675044619112, 0.9704994825341643]], \"translation\": [0.395401981950013, 0.7149924878118601, 9.380655435811983]}"}, {"pdb.id": "3ffc", "status": "ok", "mhc.class": "MHCI", "species": "Human", "tcr.type": "ab", "cell.type": "unknown", "frame": "native", "reference.id": "1ao7", "rmsd": 1.5841095637934337, "n.anchor.atoms": 174, "reversed.dock": false, "n.copies": 1, "chain.map": "{\"A\": \"A\", \"B\": \"B\", \"C\": \"C\", \"D\": \"D\", \"E\": \"E\"}", "transform": "{\"rotation\": [[0.9948703562234612, 0.05292382035148201, 0.08620930081613805], [-0.07120375390823226, 0.9717144316653779, 0.22516902256439922], [-0.07185401684790615, -0.23015241152904584, 0.9704982574586037]], \"translation\": [0.3954853830188095, 0.7149103426198133, 9.380607375508763]}"}, {"pdb.id": "3gjf", "status": "ok", "mhc.class": "MHCI", "species": "Human", "tcr.type": "other", "cell.type": "unknown", "frame": "native", "reference.id": "1ao7", "rmsd": 0.5110612753429165, "n.anchor.atoms": 174, "reversed.dock": null, "n.copies": 1, "chain.map": "{\"C\": \"C\", \"D\": \"D\", \"E\": \"E\"}", "transform": "{\"rotation\": [[0.994870209418619, 0.05292481515209916, 0.08621038424963715], [-0.0712050082599967, 0.9717142403784911, 0.22516945140126501], [-0.07185480645056239, -0.23015299039284515, 0.9704980617204674]], \"translation\": [0.3954882221770879, 0.7148942156750336, 9.380616699920186]}"}, {"pdb.id": "3gsn", "status": "ok", "mhc.class": "MHCI", "species": "Human", "tcr.type": "ab", "cell.type": "unknown", "frame": "native", "reference.id": "1ao7", "rmsd": 0.6252053991054396, "n.anchor.atoms": 174, "reversed.dock": false, "n.copies": 1, "chain.map": "{\"A\": \"A\", \"B\": \"B\", \"C\": \"C\", \"D\": \"D\", \"E\": \"E\"}", "transform": "{\"rotation\": [[0.9948700791525003, 0.052926190453751194, 0.08621104320880567], [-0.07120600195233119, 0.9717157393910572, 0.22516266809943347], [-0.07185562534041363, -0.2301463451453106, 0.9704995769824915]], \"translation\": [0.3954769662055591, 0.7149933896265426, 9.38061090241344]}"}, {"pdb.id": "3h9s", "status": "ok", "mhc.class": "MHCI", "species": "Human", "tcr.type": "ab", "cell.type": "unknown", "frame": "native", "reference.id": "1ao7", "rmsd": 0.8131734781360846, "n.anchor.atoms": 174, "reversed.dock": false, "n.copies": 1, "chain.map": "{\"A\": \"A\", \"B\": \"B\", \"C\": \"C\", \"D\": \"D\", \"E\": \"E\"}", "transform": "{\"rotation\": [[0.9948702955167824, 0.052924441056233396, 0.08620962032880018], [-0.07120436121325235, 0.9717146155148709, 0.22516803711672978], [-0.07185425556335083, -0.23015149257320408, 0.9704984577132331]], \"translation\": [0.39550426547764767, 0.7149077832184835, 9.380619477926048]}"}, {"pdb.id": "3hae", "status": "ok", "mhc.class": "MHCI", "species": "Human", "tcr.type": "other", "cell.type": "unknown", "frame": "native", "reference.id": "1ao7", "rmsd": 0.612307167040187, "n.anchor.atoms": 174, "reversed.dock": null, "n.copies": 1, "chain.map": "{\"C\": \"C\", \"D\": \"D\", \"E\": \"E\"}", "transform": "{\"rotation\": [[0.9948701335926514, 0.052923942297171546, 0.08621179511566773], [-0.0712041505205884, 0.9717153422693932, 0.2251649674059412], [-0.07185670625614325, -0.23014853883960001, 0.9704989767310507]], \"translation\": [0.3954504068869848, 0.7149890828569005, 9.380634297800393]}"}, {"pdb.id": "3hg1", "status": "ok", "mhc.class": "MHCI", "species": "Human", "tcr.type": "ab", "cell.type": "unknown", "frame": "native", "reference.id": "1ao7", "rmsd": 0.5079087654782692, "n.anchor.atoms": 174, "reversed.dock": false, "n.copies": 1, "chain.map": "{\"A\": \"A\", \"B\": \"B\", \"C\": \"C\", \"D\": \"D\", \"E\": \"E\"}", "transform": "{\"rotation\": [[0.9948704418318046, 0.052922989083932157, 0.08620882319004208], [-0.0712026214460612, 0.9717151716187313, 0.22516618739319824], [-0.07185395374367973, -0.23014947854036533, 0.9704989576805325]], \"translation\": [0.39547136822952006, 0.7149636375809438, 9.380663926161029]}"}, {"pdb.id": "3kpr", "status": "ok", "mhc.class": "MHCI", "species": "Human", "tcr.type": "ab", "cell.type": "unknown", "frame": "native", "reference.id": "1ao7", "rmsd": 0.8444086931542955, "n.anchor.atoms": 174, "reversed.dock": false, "n.copies": 1, "chain.map": "{\"A\": \"A\", \"B\": \"B\", \"C\": \"C\", \"D\": \"D\", \"E\": \"E\"}", "transform": "{\"rotation\": [[0.9948700727248848, 0.05292530048833921, 0.08621166373873969], [-0.07120557834318966, 0.9717148255547344, 0.22516674579063542], [-0.07185613410972197, -0.2301504081364009, 0.9704985757977466]], \"translation\": [0.3954750449517464, 0.7149273322006706, 9.380592952501322]}"}, {"pdb.id": "3kps", "status": "ok", "mhc.class": "MHCI", "species": "Human", "tcr.type": "ab", "cell.type": "unknown", "frame": "native", "reference.id": "1ao7", "rmsd": 0.8180517826475648, "n.anchor.atoms": 174, "reversed.dock": false, "n.copies": 1, "chain.ma