pdb.id,status,mhc.class,species,tcr.type,cell.type,frame,reference.id,rmsd,n.anchor.atoms,reversed.dock,n.copies,chain.map,transform
1ao7,ok,MHCI,Human,ab,unknown,native,1ao7,0.000488912787342484,174,false,1,"{""A"": ""D"", ""B"": ""E"", ""C"": ""C"", ""D"": ""A"", ""E"": ""B""}","{""rotation"": [[-0.5686878576377464, 0.36064936811214915, 0.7392740722192945], [0.31232358959487677, 0.9261220909592348, -0.21154632594272485], [-0.7609520983333716, 0.11058890503844773, -0.6393136930525076]], ""translation"": [-13.723947027572635, -302.5667898064914, 21.97387476316183]}"
1bd2,ok,MHCI,Human,ab,unknown,native,1ao7,0.44112427266319926,174,false,1,"{""A"": ""D"", ""B"": ""E"", ""C"": ""C"", ""D"": ""A"", ""E"": ""B""}","{""rotation"": [[-0.8024448657713991, 0.16048570220871614, 0.5747404429685611], [0.03521550808299434, 0.9742133335873876, -0.2228637445862529], [-0.5956862474386817, -0.15859609089484372, -0.7874040732465748]], ""translation"": [81.0399871571847, -287.6423289476053, 42.784373736622584]}"
1d9k,ok,MHCII,Mouse,ab,ab,native,1fyt,1.3993789842816649,160,false,1,"{""A"": ""A"", ""B"": ""B"", ""C"": ""D"", ""D"": ""E"", ""P"": ""C""}","{""rotation"": [[-0.6596702359540372, 0.33601124847967506, 0.6722585965917247], [0.1444422417329352, 0.9344975400754801, -0.32534717825123344], [-0.737544316363098, -0.11751931112802565, -0.664994430737946]], ""translation"": [43.293263777608374, -295.5924648741628, 60.45263331320954]}"
1fo0,ok,MHCI,Mouse,ab,ab,native,1ao7,0.9459790576151152,173,false,1,"{""A"": ""A"", ""B"": ""B"", ""H"": ""D"", ""L"": ""E"", ""P"": ""C""}","{""rotation"": [[-0.479984519962816, 0.5999659445071711, 0.6400435344784634], [0.1162515733885518, 0.7666447033959629, -0.6314597932090391], [-0.8695403569017093, -0.22868485779896747, -0.43772457497005407]], ""translation"": [43.05645426243664, -261.2635045931843, 144.70167633765914]}"
1fyt,ok,MHCII,Human,ab,ab,native,1fyt,0.0007344006927711306,163,false,1,"{""A"": ""D"", ""B"": ""E"", ""C"": ""C"", ""D"": ""A"", ""E"": ""B""}","{""rotation"": [[-0.5411167412139197, 0.5374769484054444, 0.6467698217378408], [0.34819915915268684, 0.8432705741638471, -0.4094533969998751], [-0.7654737212624539, 0.003642620230907717, -0.6434568465518601]], ""translation"": [-27.599191912234083, -291.8499742190685, 87.22943599841726]}"
1g6r,ok,MHCI,Mouse,ab,ab,native,1ao7,1.0273164407255537,173,false,1,"{""A"": ""A"", ""B"": ""B"", ""H"": ""D"", ""L"": ""E"", ""P"": ""C""}","{""rotation"": [[-0.38506266767915853, 0.6490478380296836, 0.6560972838754968], [0.4215286418936281, 0.7561178252202152, -0.500599079551257], [-0.8209996017192235, 0.08380178001239794, -0.5647450005477073]], ""translation"": [-56.657404448620746, -275.8722727033865, 107.0773125645269]}"
1j8h,ok,MHCII,Human,ab,ab,native,1fyt,0.3047045099656588,163,false,1,"{""A"": ""D"", ""B"": ""E"", ""C"": ""C"", ""D"": ""A"", ""E"": ""B""}","{""rotation"": [[-0.5397160138067096, 0.526309405871056, 0.6570426422480146], [0.3363816628581573, 0.8502893223308116, -0.40479061899084534], [-0.7717214532027586, 0.0025451172600147935, -0.6359555967555877]], ""translation"": [-23.91002658677123, -293.30792339531365, 84.53805252078766]}"
1jtr,ok,MHCI,Mouse,ab,ab,native,1ao7,0.9336516364581567,173,false,1,"{""A"": ""A"", ""B"": ""B"", ""H"": ""D"", ""L"": ""E"", ""P"": ""C""}","{""rotation"": [[-0.4018597569871758, 0.6249551137789168, 0.6692830802252444], [0.46994202768076365, 0.7680578725166142, -0.4350190743916239], [-0.7859155338415835, 0.13970758829367444, -0.6023442233803393]], ""translation"": [-69.04739536511649, -278.1096686877401, 87.4044453511669]}"
1kj2,ok,MHCI,Mouse,ab,ab,native,1ao7,1.087519635421288,173,false,1,"{""A"": ""A"", ""B"": ""B"", ""H"": ""D"", ""L"": ""E"", ""P"": ""C""}","{""rotation"": [[-0.4018771248155153, 0.5488146460999126, 0.7330056348871014], [0.3330539715938191, 0.8332717918195182, -0.44128581776834136], [-0.8529770387036208, 0.0667877622331935, -0.5176577694387327]], ""translation"": [-31.87499594152571, -292.76088438436574, 84.2373637723049]}"
1lp9,ok,MHCI,Mouse,ab,unknown,native,1ao7,0.599383189964448,174,false,1,"{""A"": ""D"", ""B"": ""E"", ""C"": ""C"", ""E"": ""A"", ""F"": ""B""}","{""rotation"": [[-0.752947054941597, 0.04607411226607297, 0.6564662280983452], [-0.2819568160332258, 0.8787605048178151, -0.38507184922393906], [-0.5946184376111967, -0.4750338423220308, -0.6486692241054659]], ""translation"": [172.88772926042765, -239.2621498695546, 78.80457915732693]}"
1mi5,ok,MHCI,Human,ab,unknown,native,1ao7,1.3006321013306779,174,false,1,"{""A"": ""D"", ""B"": ""E"", ""C"": ""C"", ""D"": ""A"", ""E"": ""B""}","{""rotation"": [[-0.5490362270040553, 0.4684794537809817, 0.6921605469991954], [0.10331401920204582, 0.8598321626880842, -0.5000148652224765], [-0.8293885909954821, -0.2030163870041164, -0.5204795017426945]], ""translation"": [52.84819154313224, -273.3381827635112, 100.80735239225906]}"
1mwa,ok,MHCI,Mouse,ab,ab,native,1ao7,0.9336827455487555,173,false,1,"{""A"": ""A"", ""B"": ""B"", ""H"": ""D"", ""L"": ""E"", ""P"": ""C""}","{""rotation"": [[-0.3645994834673178, 0.6591213984771752, 0.6577432620140312], [0.42299893219154727, 0.7465147475931804, -0.5136026041510119], [-0.8295415119330534, 0.09096545330719227, -0.550986539113653]], ""translation"": [-58.60772558736605, -274.4467436055671, 110.22188256090918]}"
1nam,ok,MHCI,Mouse,ab,ab,native,1ao7,0.9054461830595155,173,false,1,"{""A"": ""A"", ""B"": ""B"", ""H"": ""D"", ""L"": ""E"", ""P"": ""C""}","{""rotation"": [[-0.5407168104311114, 0.6048614785248643, 0.5846092051224654], [0.1633556992367903, 0.7572385645104152, -0.632380164098357], [-0.8251910363328391, -0.24643933982812177, -0.5082591911033335]], ""translation"": [33.45225107006665, -257.1587267947944, 152.0329319093804]}"
1oga,ok,MHCI,Human,ab,unknown,native,1ao7,0.5063834013796061,174,false,1,"{""A"": ""D"", ""B"": ""E"", ""C"": ""C"", ""D"": ""A"", ""E"": ""B""}","{""rotation"": [[-0.7703415180025087, 0.22157597739207308, 0.5978946662116478], [-0.09720388218984534, 0.8859124186175007, -0.45355329546428375], [-0.6301788245639586, -0.407508616819371, -0.660917072172561]], ""translation"": [124.49539230327308, -259.6350089263635, 103.36792716370248]}"
1qrn,ok,MHCI,Human,ab,unknown,native,1ao7,0.2274438202721226,174,false,1,"{""A"": ""D"", ""B"": ""E"", ""C"": ""C"", ""D"": ""A"", ""E"": ""B""}","{""rotation"": [[-0.5710401396970767, 0.3712769030091959, 0.7321657053882292], [0.35336802157086616, 0.9161945743377928, -0.1889935006424323], [-0.7409751684002877, 0.15080107176638236, -0.6543812623908751]], ""translation"": [-25.624646583640967, -301.3463619013182, 15.992143913361971]}"
1qse,ok,MHCI,Human,ab,unknown,native,1ao7,0.38694301142763343,174,false,1,"{""A"": ""D"", ""B"": ""E"", ""C"": ""C"", ""D"": ""A"", ""E"": ""B""}","{""rotation"": [[-0.5810183876335054, 0.33552835887199844, 0.741510858736691], [0.3065370883399196, 0.9341944427344225, -0.1825260437203566], [-0.7539579873599365, 0.12124959198605467, -0.6456360350378288]], ""translation"": [-11.459923727117758, -302.2227753382125, 13.116945700487989]}"
1qsf,ok,MHCI,Human,ab,unknown,native,1ao7,0.26873553635954,174,false,1,"{""A"": ""D"", ""B"": ""E"", ""C"": ""C"", ""D"": ""A"", ""E"": ""B""}","{""rotation"": [[-0.5865144670797944, 0.3355215255264103, 0.7371743930811333], [0.32852012452383483, 0.9304785268951438, -0.16212414616548754], [-0.7403210841850651, 0.14708846622177882, -0.6559646906774597]], ""translation"": [-17.91510183058295, -302.1962620337644, 8.09221995095264]}"
1u3h,ok,MHCII,Mouse,ab,ab,native,1fyt,1.5198644244066142,159,false,1,"{""A"": ""A"", ""B"": ""B"", ""C"": ""D"", ""D"": ""E"", ""P"": ""C""}","{""rotation"": [[-0.549061511249327, 0.47373862763241026, 0.688551501017582], [0.2833386346828002, 0.8805620249727305, -0.3799075391092043], [-0.7862891802388555, -0.013499365351198432, -0.6177111721301657]], ""translation"": [-5.839558887320422, -296.17017049238126, 73.3709942241479]}"
1ymm,ok,MHCII,Human,ab,ab,native,1fyt,1.1549146599185565,163,false,1,"{""A"": ""D"", ""B"": ""E"", ""C"": ""C"", ""D"": ""A"", ""E"": ""B""}","{""rotation"": [[-0.5963921984996858, -0.14676178704321446, 0.7891624189180536], [-0.4004042203647712, 0.9064855941400696, -0.13401614802181028], [-0.6956959148096175, -0.3959101482412467, -0.5993849753178697]], ""translation"": [185.6038146125447, -246.73206907627952, -6.988771666077589]}"
1zgl,ok,MHCII,Human,ab,ab,native,1fyt,0.7444506560331438,161,false,1,"{""A"": ""D"", ""B"": ""E"", ""C"": ""C"", ""M"": ""A"", ""P"": ""B""}","{""rotation"": [[-0.5503911155242966, 0.4878240094334346, 0.6775672333962202], [0.40455828374555813, 0.8657364370495073, -0.294674424777029], [-0.730343901874157, 0.1119292516954912, -0.673846887363976]], ""translation"": [-44.356782921824056, -302.6836083673503, 51.985283303869835]}"
2ak4,ok,MHCI,Human,ab,unknown,native,1ao7,1.0764536997352192,174,false,1,"{""A"": ""D"", ""B"": ""E"", ""C"": ""C"", ""D"": ""A"", ""E"": ""B""}","{""rotation"": [[-0.5567185280437305, 0.04689384217780847, 0.8293765418063284], [-0.29847081774152545, 0.920442216538431, -0.2523911586615596], [-0.7752287736465452, -0.3880555289898878, -0.49843079251873185]], ""translation"": [165.2448698404403, -259.9797534035466, 21.511423597777025]}"
2bnq,ok,MHCI,Human,ab,unknown,native,1ao7,0.5425808602811795,174,false,1,"{""A"": ""D"", ""B"": ""E"", ""C"": ""C"", ""D"": ""A"", ""E"": ""B""}","{""rotation"": [[-0.6732183738171448, 0.3660631403806498, 0.6424755235879852], [-0.23437945448650474, 0.7184233985457532, -0.6549306007025308], [-0.7013154015630964, -0.591494376707527, -0.39785815293112575]], ""translation"": [152.6019855688686, -215.50966190181595, 149.12328472889453]}"
2bnr,ok,MHCI,Human,ab,unknown,native,1ao7,0.5277713556062005,174,false,1,"{""A"": ""D"", ""B"": ""E"", ""C"": ""C"", ""D"": ""A"", ""E"": ""B""}","{""rotation"": [[-0.6852053156694198, 0.3559649059430362, 0.6354389515251144], [-0.23366184854464367, 0.7188900197037921, -0.65467494232251], [-0.6898520246495415, -0.5970645905655826, -0.4094118449430618]], ""translation"": [152.88602308793986, -214.60298276771647, 150.16903303775047]}"
2ckb,ok,MHCI,Mouse,ab,ab,native,1ao7,0.9394551244885299,173,false,1,"{""A"": ""A"", ""B"": ""B"", ""H"": ""D"", ""L"": ""E"", ""P"": ""C""}","{""rotation"": [[-0.4118834046736752, 0.63459795700509, 0.6539399773063191], [0.42635157119268385, 0.7684517906047267, -0.4771856905418679], [-0.8053424108389865, 0.08226346990831368, -0.5870743758866445]], ""translation"": [-55.99372601415103, -278.38578532298754, 101.22046181755304]}"
2e7l,ok,MHCI,Mouse,ab,unknown,native,1ao7,1.0777532969259287,169,false,1,"{""A"": ""A"", ""D"": ""B"", ""E"": ""D"", ""Q"": ""C""}","{""rotation"": [[-0.4995371606331479, 0.5053038991872001, 0.7036551674028871], [0.12410370528014121, 0.8456245882941925, -0.5191505812459593], [-0.8573569242050316, -0.17200879378243833, -0.48513099197969023]], ""translation"": [42.23181925208364, -279.885619816425, 106.00570187160936]}"
2esv,ok,MHCI,Human,ab,unknown,native,1ao7,0.952410476761128,172,false,1,"{""A"": ""D"", ""B"": ""E"", ""D"": ""A"", ""E"": ""B"", ""P"": ""C""}","{""rotation"": [[-0.6148548360272271, 0.48903796354038054, 0.6187046151680221], [0.22389746208131034, 0.8604846027304736, -0.4576419724384201], [-0.7561900932222538, -0.1428569868086878, -0.6385674782139018]], ""translation"": [20.738384108342245, -282.33764532052044, 100.91235504866798]}"
2f53,ok,MHCI,Human,ab,unknown,native,1ao7,0.5629544514636777,174,false,1,"{""A"": ""D"", ""B"": ""E"", ""C"": ""C"", ""D"": ""A"", ""E"": ""B""}","{""rotation"": [[-0.7061813745471075, 0.3783371672054427, 0.5984720997287327], [-0.1693330024897678, 0.7304862112043682, -0.6616012617189356], [-0.6874839638206537, -0.568551565956201, -0.4517907882396383]], ""translation"": [136.01234503940412, -220.8650371038343, 157.22805701653698]}"
2f54,ok,MHCI,Human,ab,unknown,native,1ao7,0.5148165652681669,174,false,1,"{""A"": ""D"", ""B"": ""E"", ""C"": ""C"", ""D"": ""A"", ""E"": ""B""}","{""rotation"": [[-0.6740017556345462, 0.38073877533081085, 0.6330557782384937], [-0.19462819742443033, 0.7351537674913586, -0.649360302844714], [-0.7126299868577429, -0.5608804891443953, -0.42139242841830604]], ""translation"": [141.66163698513947, -222.39982116298592, 149.12254708556134]}"
2gj6,ok,MHCI,Human,ab,unknown,native,1ao7,0.3672071172150002,174,false,1,"{""A"": ""D"", ""B"": ""E"", ""C"": ""C"", ""D"": ""A"", ""E"": ""B""}","{""rotation"": [[-0.555453305098125, 0.3420162318444648, 0.7579554888055645], [0.30375999702073836, 0.9319623266554022, -0.1979294973090431], [-0.7740810616889748, 0.12029596356471214, -0.6215524041338001]], ""translation"": [-11.306345417273235, -301.6198912564008, 15.023217940983926]}"
2iam,ok,MHCII,Human,ab,ab,native,1fyt,0.5869452374513976,162,false,1,"{""A"": ""D"", ""B"": ""E"", ""C"": ""A"", ""D"": ""B"", ""P"": ""C""}","{""rotation"": [[-0.516975621450634, 0.317582760738246, 0.794907162445782], [0.3358888738041668, 0.929413120085203, -0.1528722233371893], [-0.787346728754428, 0.18796925891049626, -0.5871564411844084]], ""translation"": [-23.80449398875522, -306.94384769648326, -3.796840989354457]}"
2ian,ok,MHCII,Human,ab,ab,native,1fyt,0.5127822621403344,161,false,1,"{""A"": ""D"", ""B"": ""E"", ""C"": ""C"", ""D"": ""A"", ""E"": ""B""}","{""rotation"": [[-0.5153878680353112, 0.3134006818109122, 0.7975934792376828], [0.35188538977004163, 0.9260384049737888, -0.1364900911421289], [-0.7813782809551351, 0.2103161552379083, -0.5875500803314909]], ""translation"": [-28.57631370924171, -306.14604454414774, -8.543530429312906]}"
2j8u,ok,MHCI,Mouse,ab,unknown,native,1ao7,0.5660972532155683,174,false,1,"{""A"": ""D"", ""B"": ""E"", ""C"": ""C"", ""E"": ""A"", ""F"": ""B""}","{""rotation"": [[-0.75117210710339, 0.03820489412495381, 0.6589998873859962], [-0.28599710933621336, 0.8809224850877327, -0.3770692624945508], [-0.5949337097199862, -0.47171597527723796, -0.6507979100358732]], ""translation"": [174.5522475968521, -238.76077567876882, 76.53680683619397]}"
2jcc,ok,MHCI,Mouse,ab,unknown,native,1ao7,0.5884010681171735,174,false,1,"{""A"": ""D"", ""B"": ""E"", ""C"": ""C"", ""E"": ""A"", ""F"": ""B""}","{""rotation"": [[-0.7444505369256713, 0.039854579419058574, 0.6664870670691294], [-0.29041036051922825, 0.8795178625289681, -0.37697500181785004], [-0.6012114607807907, -0.47419399193980305, -0.6431833622179771]], ""translation"": [174.85487266043367, -238.37208655652387, 75.27477061805457]}"
2nx5,ok,MHCI,Human,ab,unknown,native,1ao7,0.7363125030904196,174,false,1,"{""A"": ""D"", ""B"": ""E"", ""C"": ""C"", ""D"": ""A"", ""E"": ""B""}","{""rotation"": [[-0.7117085160319, 0.08467533871011669, 0.6973529057959097], [-0.1117064495828, 0.9664351082011533, -0.23135438348523094], [-0.6935363417509405, -0.24255570216045846, -0.6783613152444429]], ""translation"": [119.3196790485815, -278.5109095798392, 31.618442652890536]}"
2oi9,ok,MHCI,Mouse,ab,unknown,native,1ao7,1.180085311403352,169,false,1,"{""A"": ""D"", ""B"": ""A"", ""C"": ""B"", ""Q"": ""C""}","{""rotation"": [[-0.4927644308948794, 0.46391844470714727, 0.7361812903798541], [0.04446104530800912, 0.8583453486402693, -0.5111423264783819], [-0.8690261394773829, -0.21914136790691738, -0.4435883562233355]], ""translation"": [65.6572373579701, -278.54726577304706, 99.41262586224546]}"
2ol3,ok,MHCI,Mouse,ab,ab,native,1ao7,1.0410674868023353,173,false,1,"{""A"": ""A"", ""B"": ""B"", ""H"": ""D"", ""L"": ""E"", ""P"": ""C""}","{""rotation"": [[-0.43904213687681404, 0.5963739717476514, 0.671997089181623], [0.10827833448498209, 0.7776072161753061, -0.6193567789515584], [-0.8919180479886024, -0.19916099812469062, -0.4059767142314673]], ""translation"": [43.535588907157994, -265.118834467786, 137.19504731183468]}"
2p5e,ok,MHCI,Human,ab,unknown,native,1ao7,0.6070481018761332,174,false,1,"{""A"": ""D"", ""B"": ""E"", ""C"": ""C"", ""D"": ""A"", ""E"": ""B""}","{""rotation"": [[-0.6839308790587231, 0.4042101564489357, 0.607332447752868], [-0.18634121064566975, 0.7080776727869659, -0.6811042229466066], [-0.7053477907281402, -0.5789992735091481, -0.40895517528307446]], ""translation"": [139.0953107285958, -216.13632390820578, 160.2809582538835]}"
2p5w,ok,MHCI,Human,ab,unknown,native,1ao7,0.562604100315023,174,false,1,"{""A"": ""D"", ""B"": ""E"", ""C"": ""C"", ""D"": ""A"", ""E"": ""B""}","{""rotation"": [[-0.6869897676918182, 0.4093417543433046, 0.6004035203410178], [-0.17416801420117034, 0.7094051648869756, -0.6829420289167331], [-0.7054860465777917, -0.5737452746496725, -0.4160598489414831]], ""translation"": [135.7157293470002, -217.0766265492527, 161.93115058380346]}"
2pxy,ok,MHCII,Mouse,ab,ab,native,1fyt,1.422959290287562,156,false,1,"{""A"": ""A"", ""B"": ""B"", ""C"": ""D"", ""D"": ""E"", ""P"": ""C""}","{""rotation"": [[-0.5407822746997035, 0.4004085330622396, 0.7397482936929018], [0.18131155003976707, 0.9142497322562357, -0.3623169177551317], [-0.8213894649877072, -0.061809657177072735, -0.5670087416317854]], ""translation"": [24.379185155920254, -298.064741226719, 61.892308088861306]}"
2pye,ok,MHCI,Human,ab,unknown,native,1ao7,0.5685601400634968,174,false,1,"{""A"": ""D"", ""B"": ""E"", ""C"": ""C"", ""D"": ""A"", ""E"": ""B""}","{""rotation"": [[-0.6938949835838356, 0.39745326709521883, 0.6004503744961157], [-0.16502774479721452, 0.7238993304817962, -0.6698773042693367], [-0.7009105472200677, -0.563915472214892, -0.43671929771000645]], ""translation"": [133.69035799101698, -220.0868566337873, 158.97203583869145]}"
2uwe,ok,MHCI,Mouse,ab,unknown,native,1ao7,0.585727575187842,174,false,1,"{""A"": ""D"", ""B"": ""E"", ""C"": ""C"", ""E"": ""A"", ""F"": ""B""}","{""rotation"": [[-0.7463103143141501, 0.03710564024191669, 0.6645630791810141], [-0.28969749950754886, 0.8808041280598152, -0.37451227853284325], [-0.5992464213721992, -0.4720246386101318, -0.6466037944658121]], ""translation"": [174.75733124994917, -238.9103674894701, 75.09593933133759]}"
2vlj,ok,MHCI,Human,ab,unknown,native,1ao7,0.5394522797401573,174,false,1,"{""A"": ""D"", ""B"": ""E"", ""C"": ""C"", ""D"": ""A"", ""E"": ""B""}","{""rotation"": [[-0.7362496494187342, 0.21165229811173478, 0.642759487238279], [-0.07523826402816305, 0.9183386209745854, -0.3885786675211688], [-0.6725144291067829, -0.3344510157414991, -0.6602021362527225]], ""translation"": [117.8738031344425, -270.5067602588471, 81.31358532656519]}"
2vlk,ok,MHCI,Human,ab,unknown,native,1ao7,0.5363172381068162,174,false,1,"{""A"": ""D"", ""B"": ""E"", ""C"": ""C"", ""D"": ""A"", ""E"": ""B""}","{""rotation"": [[-0.7271915556998982, 0.20225642182306458, 0.6559609600807751], [-0.1285734854056859, 0.8985599591635501, -0.4195936827916177], [-0.6742857704040588, -0.3894641698787313, -0.6274204014943051]], ""translation"": [132.03727723273778, -262.1444024749138, 87.50160065655673]}"
2vlr,ok,MHCI,Human,ab,unknown,native,1ao7,0.7640648322112644,174,false,1,"{""A"": ""D"", ""B"": ""E"", ""C"": ""C"", ""D"": ""A"", ""E"": ""B""}","{""rotation"": [[-0.7419395853962314, 0.23138972585069026, 0.6292729506285887], [-0.08796027900062603, 0.896854779542739, -0.43349105380558517], [-0.6646718295070132, -0.3769751970383297, -0.6450589584508633]], ""translation"": [121.39792424394021, -264.3773552224394, 95.02410949252466]}"
2xn9,rejected: tcr_not_engaged,MHCII,Human,ab,ab,native,1fyt,0.3665550653778914,160,false,1,"{""A"": ""A"", ""B"": ""B"", ""D"": ""D"", ""E"": ""E"", ""F"": ""C""}","{""rotation"": [[0.024070496787476622, 0.7320509308359789, 0.6808245338165925], [0.4854699043219939, 0.5867730948266241, -0.6480866509851742], [-0.8739219548575249, 0.3461195889425524, -0.34126477545776723]], ""translation"": [-101.97379760243683, -251.64945564476727, 165.98479207233123]}"
2ypl,ok,MHCI,Human,ab,unknown,native,1ao7,0.8421826580928575,174,false,1,"{""A"": ""D"", ""B"": ""E"", ""C"": ""C"", ""D"": ""A"", ""E"": ""B""}","{""rotation"": [[-0.44172606261948255, 0.5048916128198101, 0.7415945960610152], [0.29030201167197256, 0.8625797133041387, -0.4143440360562165], [-0.8488832826849014, 0.0322598434645995, -0.5275949913311772]], ""translation"": [-12.993149541059012, -291.22852372136606, 75.14475373872445]}"
2z31,ok,MHCII,Mouse,ab,ab,native,1fyt,1.5698210278521685,158,false,1,"{""A"": ""A"", ""B"": ""B"", ""C"": ""D"", ""D"": ""E"", ""P"": ""C""}","{""rotation"": [[-0.5280583162143515, 0.41797124110290135, 0.7392255787564196], [0.20363095862177513, 0.9074139634554566, -0.36760621814223365], [-0.8244324395410702, -0.0435883073422076, -0.5642793741537966]], ""translation"": [16.86169890663089, -298.47527754746795, 63.594197144967524]}"
3c5z,ok,MHCII,Mouse,ab,ab,native,1fyt,1.37868052951714,161,false,1,"{""A"": ""A"", ""B"": ""B"", ""C"": ""D"", ""D"": ""E"", ""E"": ""C""}","{""rotation"": [[-0.4544916614206412, 0.353722218968599, 0.8175071385052459], [0.19989250908350903, 0.9348667707155123, -0.29337195814230255], [-0.8680324386285367, 0.030078444439171157, -0.49559557369766244]], ""translation"": [13.46239341978751, -304.7726197946151, 32.68714160104488]}"
3c60,ok,MHCII,Mouse,ab,ab,native,1fyt,1.392732277211177,161,false,1,"{""A"": ""A"", ""B"": ""B"", ""C"": ""D"", ""D"": ""E"", ""E"": ""C""}","{""rotation"": [[-0.7231242161347694, 0.41339164130002454, 0.5533522557492169], [0.17733019274843254, 0.8853849256456904, -0.42970633714105094], [-0.6675667538001561, -0.2126049960434767, -0.7135500997674058]], ""translation"": [38.63844006232997, -283.2772607848024, 103.66854988976216]}"
3c6l,ok,MHCII,Mouse,ab,ab,native,1fyt,1.5331196287919275,160,false,1,"{""A"": ""A"", ""B"": ""B"", ""C"": ""D"", ""E"": ""C"", ""D"": ""E""}","{""rotation"": [[-0.9426001240240637, 0.2546433293803651, 0.216013381511194], [0.0998106416428838, 0.832174274791049, -0.5454574338945491], [-0.3186578761064185, -0.49258781062676854, -0.809823688723214]], ""translation"": [-1.7798834663320022, 8.564113253588179, 5.167263738364128]}"
3d39,ok,MHCI,Human,ab,unknown,native,1ao7,0.33736999891167924,174,false,1,"{""A"": ""D"", ""B"": ""E"", ""C"": ""C"", ""D"": ""A"", ""E"": ""B""}","{""rotation"": [[-0.573526679586849, 0.33326260030770466, 0.7483336067812479], [0.32067450387996344, 0.9319428082044043, -0.16926448179529], [-0.7538136443202805, 0.1428938118752385, -0.6413628833697356]], ""translation"": [-15.640983690821603, -301.6691068328185, 8.427915294367438]}"
3d3v,ok,MHCI,Human,ab,unknown,native,1ao7,0.34214278435309664,174,false,1,"{""A"": ""D"", ""B"": ""E"", ""C"": ""C"", ""D"": ""A"", ""E"": ""B""}","{""rotation"": [[-0.5760767076662386, 0.3413230458352854, 0.7427208124633061], [0.3077495569975101, 0.9323507426189558, -0.1897690778438844], [-0.7572488607137451, 0.11925045542725062, -0.6421475623469497]], ""translation"": [-11.789535332090011, -301.8391899657424, 14.710748223378516]}"
3dxa,ok,MHCI,Human,ab,unknown,native,1ao7,0.8669448615980276,174,false,1,"{""A"": ""D"", ""B"": ""E"", ""C"": ""C"", ""D"": ""A"", ""E"": ""B""}","{""rotation"": [[-0.7703596239157605, 0.1570460991699473, 0.6179664817576037], [-0.12057303336070618, 0.9158251498395112, -0.38304887227041196], [-0.626105576932968, -0.3695954784043485, -0.6865791934485751]], ""translation"": [125.64057111634294, -259.5754172265871, 81.48482530935253]}"
3e2h,ok,MHCI,Mouse,ab,unknown,native,1ao7,1.2141271621860283,169,false,1,"{""A"": ""D"", ""B"": ""A"", ""C"": ""B"", ""Q"": ""C""}","{""rotation"": [[-0.48905527709912594, 0.484572494363555, 0.7252685252013779], [0.0644351208503377, 0.8492873898612219, -0.5239838209560639], [-0.8698695598436017, -0.209524287682829, -0.44657196702043783]], ""translation"": [59.04589922155591, -278.26612936103834, 104.21997925854144]}"
3e3q,ok,MHCI,Mouse,ab,unknown,native,1ao7,1.104777892194938,169,false,1,"{""A"": ""D"", ""D"": ""A"", ""E"": ""B"", ""Q"": ""C""}","{""rotation"": [[-0.4823673957681965, 0.4957029071435294, 0.7222190272689183], [0.10372483760455545, 0.8510020562694088, -0.51481711149606], [-0.8698062160985729, -0.1734189380508709, -0.4619123492196233]], ""translation"": [47.21164436820652, -280.82663713527194, 102.32748681426968]}"
3ffc,ok,MHCI,Human,ab,unknown,native,1ao7,1.5840660678998575,174,false,1,"{""A"": ""D"", ""B"": ""E"", ""C"": ""C"", ""D"": ""A"", ""E"": ""B""}","{""rotation"": [[-0.4960403897312386, 0.4826293618901657, 0.7218121852648194], [0.3543377800339948, 0.8714405061909072, -0.33916984212974544], [-0.7927097005814058, 0.08752338665310096, -0.6032835049899098]], ""translation"": [-31.80304280661348, -300.275325373386, 58.16401361761061]}"
3gjf,ok,MHCI,Human,other,unknown,native,1ao7,0.5110797400927751,174,,1,"{""A"": ""D"", ""B"": ""E"", ""C"": ""C""}","{""rotation"": [[0.8516294620885112, -0.2249304210852629, 0.47342746537694635], [-0.16004748297254795, -0.97169556785282, -0.17375996837401322], [0.4991112726607019, 0.07220823419522382, -0.8635241215029392]], ""translation"": [-48.939391573605995, 301.2541400116106, 40.37795635174554]}"
3gsn,ok,MHCI,Human,ab,unknown,native,1ao7,0.6251922185267775,174,false,1,"{""A"": ""A"", ""B"": ""B"", ""H"": ""D"", ""L"": ""E"", ""P"": ""C""}","{""rotation"": [[-0.6791344713385291, 0.4935151554150605, 0.5433407413542498], [0.20257763119852382, 0.8375027556190777, -0.5074952587644989], [-0.7055059696258644, -0.2345888439506441, -0.6687521223264781]], ""translation"": [29.305202188440198, -270.81460134124296, 122.8748245147588]}"
3h9s,ok,MHCI,Human,ab,unknown,native,1ao7,0.8131957641296669,174,false,1,"{""A"": ""D"", ""B"": ""E"", ""C"": ""C"", ""D"": ""A"", ""E"": ""B""}","{""rotation"": [[-0.5928926146864547, 0.33287953351270677, 0.7332595472400092], [0.3177901971755352, 0.9333790334280837, -0.16677221152216035], [-0.739924143429173, 0.13414468355182976, -0.6591793882133945]], ""translation"": [-14.091918050488797, -301.26205524701277, 9.800087181589362]}"
3hae,ok,MHCI,Human,other,unknown,native,1ao7,0.6122862570785972,174,,1,"{""A"": ""D"", ""B"": ""E"", ""C"": ""C""}","{""rotation"": [[0.8516880466457577, -0.23840528650323453, 0.46668018017486396], [-0.183472702924381, -0.9698174636956557, -0.1605984258719488], [0.49088210242618907, 0.05115668556734399, -0.8697228035641059]], ""translation"": [-42.26414164906663, 303.81009736347767, 36.82609577236069]}"
3hg1,ok,MHCI,Human,ab,unknown,native,1ao7,0.5078908406013143,174,false,1,"{""A"": ""D"", ""B"": ""E"", ""C"": ""C"", ""D"": ""A"", ""E"": ""B""}","{""rotation"": [[-0.744288477080959, 0.24140835855817708, 0.6227011059109768], [0.01798451184775533, 0.9392917477323103, -0.3426478804481062], [-0.6676160724683795, -0.2438298936968728, -0.7034456359390306]], ""translation"": [81.60138139506635, -282.16434145387615, 69.39055883678624]}"
3kpr,ok,MHCI,Human,ab,unknown,native,1ao7,0.8443406874545009,174,false,1,"{""A"": ""D"", ""B"": ""E"", ""C"": ""C"", ""D"": ""A"", ""E"": ""B""}","{""rotation"": [[-0.5032565975111382, 0.515691407579337, 0.6933939495051529], [0.09911710969361831, 0.831564096574556, -0.54651345075316], [-0.858433803870453, -0.20630929556611258, -0.46960395966763213]], ""translation"": [50.596425740935395, -268.6839030973628, 111.92526554687838]}"
3kps,ok,MHCI,Human,ab,unknown,native,1ao7,0.8180119458112942,174,false,1,"{""A"": ""D"", ""B"": ""E"", ""C"": ""C"", ""D"": ""A"", ""E"": ""B""}","{""rotation"": [[-0.5311077827765641, 0.4907996292810717, 0.6906810023243182], [0.08219349537620167, 0.8411498978200195, -0.5345194839434888], [-0.843308219094303, -0.22711797219712604, -0.48708179427387877]], ""translation"": [57.636074296467655, -268.66493325456025, 109.19563599466694]}"
3kxf,ok,MHCI,Human,ab,unknown,native,1ao7,1.040705453374191,174,false,1,"{""A"": ""D"", ""B"": ""E"", ""D"": ""A"", ""E"": ""B"", ""Q"": ""C""}","{""rotation"": [[-0.4691857066741075, 0.058917491881168016, 0.881131943469962], [-0.30241347750408376, 0.9267249482913843, -0.22299542335711484], [-0.8297052857952671, -0.3710924404575819, -0.4169886561510161]], ""translation"": [160.71959330471987, -264.5944482260132, 5.790194066256774]}"
3mbe,ok,MHCII,Mouse,ab,gd,native,1fyt,1.4798273869295313,157,false,1,"{""A"": ""D"", ""B"": ""E"", ""C"": ""A"", ""D"": ""B"", ""P"": ""C""}","{""rotation"": [[-0.6309165058876327, 0.30672537366016794, 0.7126457098387464], [0.2613226342724857, 0.9488756477956466, -0.17704656403692476], [-0.7305168330815035, 0.0745288546364589, -0.6788155908721808]], ""translation"": [7.002894288080562, -305.895227671605, 14.009380219499933]}"
3mv7,ok,MHCI,Human,ab,unknown,native,1ao7,1.0955697247134444,174,false,1,"{""A"": ""D"", ""B"": ""E"", ""C"": ""C"", ""D"": ""A"", ""E"": ""B""}","{""rotation"": [[-0.6796883827188857, 0.3481611791536831, 0.6456063008732982], [0.13643483590225977, 0.9248196402414991, -0.35509740716584676], [-0.7207005189045644, -0.1532723926671106, -0.6760904789277764]], ""translation"": [47.9696187724463, -291.6450272084096, 72.63269033606149]}"
3mv8,ok,MHCI,Human,ab,unknown,native,1ao7,1.116299934800731,174,false,1,"{""A"": ""D"", ""B"": ""E"", ""C"": ""C"", ""D"": ""A"", ""E"": ""B""}","{""rotation"": [[-0.6776202758114048, 0.3468097962978713, 0.648501138781658], [0.1417321778436353, 0.9268749848550122, -0.34758416565448114], [-0.7216250768737029, -0.14361659946486396, -0.6772233906069491]], ""translation"": [46.369360619490905, -292.389880111764, 70.39566107524301]}"
3mv9,ok,MHCI,Human,ab,unknown,native,1ao7,1.2016933779331533,174,false,1,"{""A"": ""D"", ""B"": ""E"", ""C"": ""C"", ""D"": ""A"", ""E"": ""B""}","{""rotation"": [[-0.6761254337207595, 0.34567603406095704, 0.650663105878767], [0.1384136096530732, 0.9269786925774975, -0.34864333662085156], [-0.7236684811007876, -0.14566599803386615, -0.6746001382137986]], ""translation"": [47.479067934975944, -292.3863648045711, 70.49567956222315]}"
3nfj,ok,MHCI,Human,other,ab,native,1ao7,0.5532850390665967,174,,2,"{""A"": ""D"", ""B"": ""E"", ""C"": ""C"", ""J"": ""B""}","{""rotation"": [[-0.5639194294580081, 0.3170018642239915, 0.7625645514697561], [0.24156106386985296, 0.9463234676430788, -0.21475601740124384], [-0.7897107885180622, 0.06310081351688822, -0.6102254975266825]], ""translation"": [9.12098086296264, -297.79092653940927, 20.27023561285965]}"
3o4l,ok,MHCI,Human,ab,unknown,native,1ao7,0.6046891714762279,174,false,1,"{""A"": ""D"", ""B"": ""E"", ""C"": ""C"", ""D"": ""A"", ""E"": ""B""}","{""rotation"": [[-0.6041834346159649, 0.38992335622595065, 0.6949260058489298], [0.055841258582883274, 0.8906708719676767, -0.4512063293751729], [-0.7948862378828397, -0.23380584701377397, -0.559902397500347]], ""translation"": [63.34108907709769, -282.2121984220397, 89.37093622333846]}"
3o6f,ok,MHCII,Human,ab,ab,native,1fyt,0.6039251813385597,160,false,1,"{""D"": ""C"", ""E"": ""D"", ""F"": ""E"", ""G"": ""A"", ""H"": ""B""}","{""rotation"": [[-0.4385899135634816, 0.6354984940821805, 0.6354372917445573], [0.422566612324936, 0.7698638482101628, -0.4782751439990021], [-0.7931433324870133, 0.05874792965134522, -0.6061949644240499]], ""translation"": [-56.40409788489385, -280.36049697400426, 105.12347653581212]}"
3pl6,ok,MHCII,Human,ab,ab,native,1fyt,1.1839115141433456,162,false,1,"{""A"": ""D"", ""B"": ""E"", ""C"": ""A"", ""D"": ""B"", ""E"": ""C""}","{""rotation"": [[-0.28714823422619035, 0.7918239501877898, 0.5390368479888783], [0.5354437378888985, 0.5992928238945986, -0.5951034488086935], [-0.7942580784205758, 0.11774100023968252, -0.5960630518042644]], ""translation"": [-102.17580382604899, -246.60855014478165, 149.36103073437326]}"
3pqy,ok,MHCI,Mouse,ab,ab,native,1ao7,1.054568619872134,172,false,1,"{""A"": ""D"", ""B"": ""E"", ""C"": ""C"", ""D"": ""A"", ""E"": ""B""}","{""rotation"": [[-0.43262326914793114, 0.5295992117531679, 0.729631264339859], [-0.03130468151033552, 0.799973395520144, -0.5992183102805748], [-0.9010311448042699, -0.28207665867702447, -0.3295081709492379]], ""translation"": [85.25403782878749, -261.66733176184033, 122.04610371408289]}"
3pwp,ok,MHCI,Human,ab,unknown,native,1ao7,0.3927459335508727,174,false,1,"{""A"": ""D"", ""B"": ""E"", ""C"": ""C"", ""D"": ""A"", ""E"": ""B""}","{""rotation"": [[-0.5814706864834158, 0.3337221420303871, 0.7419712748342454], [0.3133618999540514, 0.9335023435256112, -0.17429197999156074], [-0.7507970167879543, 0.13115985113914205, -0.6473800530070927]], ""translation"": [-13.15614358972837, -301.5186966814053, 10.70808761741813]}"
3qdg,ok,MHCI,Human,ab,unknown,native,1ao7,0.6004825562709126,174,false,1,"{""A"": ""D"", ""B"": ""E"", ""C"": ""C"", ""D"": ""A"", ""E"": ""B""}","{""rotation"": [[-0.6814075247047625, 0.42247215501963886, 0.5976630016228133], [0.2763745305837292, 0.9046533700860291, -0.3243753980138023], [-0.6777174220280539, -0.05585300551493933, -0.7331981571543924]], ""translation"": [4.039738477847793, -294.2981330367102, 67.30455636633216]}"
3qdj,ok,MHCI,Human,ab,unknown,native,1ao7,0.654947583874871,174,false,1,"{""A"": ""D"", ""B"": ""E"", ""C"": ""C"", ""D"": ""A"", ""E"": ""B""}","{""rotation"": [[-0.6810122797902783, 0.4234498966050208, 0.5974215093550325], [0.27689567196273496, 0.9041826596369033, -0.3252422249035971], [-0.677901955759941, -0.056070518787808596, -0.733010938049162]], ""translation"": [3.936631456899997, -294.460936669203, 67.36472539652546]}"
3qdm,ok,MHCI,Human,ab,unknown,native,1ao7,0.44248287168809486,174,false,1,"{""A"": ""D"", ""B"": ""E"", ""C"": ""C"", ""D"": ""A"", ""E"": ""B""}","{""rotation"": [[-0.4811322033624982, 0.53938847515403, 0.6910657535709315], [0.27854131859343145, 0.8415145527808644, -0.4628909064717668], [-0.831219908762886, -0.030221355512814803, -0.5551217280445682]], ""translation"": [-9.167164764271748, -284.3045160844938, 94.0080251376714]}"
3qeq,ok,MHCI,Human,ab,unknown,native,1ao7,0.43724023787619304,174,false,1,"{""A"": ""D"", ""B"": ""E"", ""C"": ""C"", ""D"": ""A"", ""E"": ""B""}","{""rotation"": [[-0.6632697365755216, 0.32355420113267597, 0.6748228919297534], [0.016173793777262576, 0.9076977650326251, -0.41931274217417774], [-0.7482056301164071, -0.2672030057543788, -0.607281556428265]], ""translation"": [78.89424704482838, -278.9950904752799, 84.19034812335993]}"
3qfj,ok,MHCI,Human,ab,unknown,native,1ao7,0.3224904771424095,174,false,1,"{""A"": ""D"", ""B"": ""E"", ""C"": ""C"", ""D"": ""A"", ""E"": ""B""}","{""rotation"": [[-0.579352504914432, 0.33218333375117404, 0.7443150595193745], [0.32126865479408334, 0.9323211209580148, -0.1660234286550879], [-0.7490908666484819, 0.1429390086489598, -0.6468626695909105]], ""translation"": [-15.347587145306324, -301.7554751152117, 7.9619983158004715]}"
3qib,ok,MHCII,Mouse,ab,gd,native,1fyt,1.2669146121731276,163,false,1,"{""A"": ""D"", ""B"": ""E"", ""C"": ""A"", ""D"": ""B"", ""P"": ""C""}","{""rotation"": [[-0.18409466104152827, 0.4500567127173218, 0.873818122445445], [-0.5111415437608234, -0.8031838356669334, 0.30599027495192543], [0.8395495685293437, -0.39031356812367046, 0.3779045388993917]], ""translation"": [47.2934562732489, 34.6358721657634, -21.65981219185526]}"
3qiu,ok,MHCII,Mouse,ab,gd,native,1fyt,1.0427183179595017,162,false,1,"{""A"": ""D"", ""B"": ""E"", ""C"": ""A"", ""D"": ""B"", ""E"": ""C""}","{""rotation"": [[-0.5335793678353493, 0.42632898285591875, 0.7304359359981317], [0.30612573972011, 0.9024494733332327, -0.3031039088520397], [-0.7884035069057242, 0.06187524915188416, -0.6120386947253806]], ""translation"": [-12.11172902001858, -304.15406371229454, 46.19819335238221]}"
3qiw,ok,MHCII,Mouse,ab,gd,native,1fyt,1.0352045452284215,162,false,1,"{""A"": ""D"", ""B"": ""E"", ""C"": ""A"", ""D"": ""B"", ""E"": ""C""}","{""rotation"": [[0.5015776660643843, -0.5739859657422397, -0.6472711611344609], [0.6047349571371643, 0.7676575668070733, -0.21212612224842908], [0.6186400217587904, -0.2850297725761155, 0.7321492690862234]], ""translation"": [-23.071271698407095, -0.3702159243211014, -6.3803311842804895]}"
3rdt,ok,MHCII,Mouse,ab,ab,native,1fyt,1.3067318221475408,159,false,1,"{""A"": ""A"", ""B"": ""B"", ""C"": ""D"", ""E"": ""C"", ""D"": ""E""}","{""rotation"": [[-0.4481819518891466, 0.3197209754734285, 0.8348122159163424], [0.2022175832458977, 0.9459078468788727, -0.2537053295442624], [-0.8707703411503076, 0.05510755896692836, -0.4885920280946909]], ""translation"": [17.88967804351342, 15.832195004727215, -40.533332767876495]}"
3rgv,ok,MHCI,Mouse,ab,ab,native,1ao7,0.8699374086648374,173,false,1,"{""A"": ""A"", ""B"": ""B"", ""C"": ""D"", ""D"": ""E"", ""E"": ""C""}","{""rotation"": [[-0.6879560428779886, 0.41225765969658396, 0.5972939854788061], [0.054155486321960086, 0.849865743467962, -0.5242093106583287], [-0.7237290006410495, -0.32828621673951497, -0.6069962879046003]], ""translation"": [69.70432508738422, -266.44159965768307, 121.44544547951914]}"
3sjv,ok,MHCI,Human,ab,unknown,native,1ao7,1.5544692126477282,174,false,1,"{""A"": ""D"", ""B"": ""E"", ""C"": ""C"", ""D"": ""A"", ""E"": ""B""}","{""rotation"": [[-0.5786477056795131, 0.429526879938694, 0.6933062037238427], [0.18980150398621626, 0.897660738284657, -0.3977192326589387], [-0.7931848597876829, -0.098548761292952, -0.6009541745018655]], ""translation"": [26.339843816620487, -287.86700578853385, 74.5499120206163]}"
3t0e,ok,MHCII,Human,ab,ab,native,1fyt,0.6904951423631767,160,false,1,"{""A"": ""D"", ""B"": ""E"", ""C"": ""A"", ""D"": ""B"", ""E"": ""C""}","{""rotation"": [[-0.4034099482575279, 0.6688613975890295, 0.6244075948145639], [0.4489770138879035, 0.739295335459734, -0.5018585935976194], [-0.7972954625778067, 0.07788990809295941, -0.5985424860192557]], ""translation"": [-66.99680183599833, -275.3115125711987, 113.5274902871022]}"
3tf7,ok,MHCI,Mouse,other,unknown,native,1ao7,1.3307027482687643,169,,1,"{""A"": ""D"", ""B"": ""C"", ""C"": ""A""}","{""rotation"": [[-0.8675951007067304, -0.48542819694860323, 0.10788052111899472], [0.0187749102310267, 0.18481365074267686, 0.9825942281760977], [-0.49691673746765164, 0.8545193854479789, -0.15122954710675235]], ""translation"": [-34.46356796248305, 24.700442111484175, 24.256575461551506]}"
3tfk,ok,MHCI,Mouse,ab,ab,native,1ao7,1.432725998820709,168,false,1,"{""A"": ""D"", ""B"": ""C"", ""C"": ""A"", ""D"": ""B""}","{""rotation"": [[-0.27076760321151966, 0.49619342159631474, 0.8249102941627238], [0.06272923912711437, 0.8641941358379999, -0.4992329497756991], [-0.9605987443306501, -0.08343011415403145, -0.2651216106669221]], ""translation"": [46.35557992649012, -283.42244291866217, 81.24761688396468]}"
3tjh,ok,MHCI,Mouse,ab,ab,native,1ao7,1.0631671350218197,169,false,1,"{""A"": ""D"", ""B"": ""C"", ""C"": ""A"", ""D"": ""B""}","{""rotation"": [[-0.017783312472410114, -0.2494425125882367, -0.9682263096565681], [-0.3332248978346597, -0.9115373512468604, 0.2409581389887831], [-0.9426796493298181, 0.3269221469945476, -0.06691030222533982]], ""translation"": [22.452903044921225, -25.818137685732474, -22.91219559949898]}"
3tpu,ok,MHCI,Mouse,ab,ab,native,1ao7,1.4694306345565122,167,false,1,"{""A"": ""A"", ""B"": ""B"", ""I"": ""D"", ""J"": ""C""}","{""rotation"": [[-0.09511119463376184, 0.9330980200359368, -0.3468168762623207], [-0.48538542068962126, -0.3476444041998567, -0.8022121674535269], [-0.8691115314142936, 0.09204049779060325, 0.48597704959098637]], ""translation"": [101.0218229093368, 21.932599162129094, 10.642595914058944]}"
3uts,ok,MHCI,Human,ab,unknown,native,1ao7,0.4671887441634952,174,false,1,"{""A"": ""D"", ""B"": ""E"", ""C"": ""C"", ""D"": ""A"", ""E"": ""B""}","{""rotation"": [[-0.7312934458826781, 0.3417557257969015, 0.5902651267812392], [0.18275135778256968, 0.93194756438444, -0.3131703665204244], [-0.6571239131531177, -0.12114768311009035, -0.7439834686600174]], ""translation"": [35.612894056381286, -293.2867111173907, 68.02086414950647]}"
3utt,ok,MHCI,Human,ab,unknown,native,1ao7,0.8887027311007158,174,false,1,"{""A"": ""D"", ""B"": ""E"", ""C"": ""C"", ""D"": ""A"", ""E"": ""B""}","{""rotation"": [[-0.7516171728146307, 0.29259400005720626, 0.5911517374250584], [-0.016520642105767504, 0.8875962081404758, -0.46032601455822914], [-0.6593926705041202, -0.3557551439194846, -0.6622987118062911]], ""translation"": [94.47049950283606, -267.02641703475206, 106.44967530042364]}"
